500	Time (ms)	Amplitude	Rise (ms)	Decay (ms)	Area	Baseline	Noise	Group	Channel	10-90Rise	HalfWidth	Rise50	Peak Dir	Burst#	BurstE#	10-90Slope	Rel Time	
1	25.20	11.788	1.45	3.35	31.47	0.582	0.371	0	0	0.8	1.03	0.2	-1	0	0	-11.8	25.20	
2	282.35	30.59	1.6	3.9	114.4	-0.482	1.515	0	0	1.4	4.25	1	-1	0	0	-17.45	282.35	
3	388.15	31.603	1	4.55	98.48	2.017	-0.712	0	0	0.68	2.68	0.2	-1	0	0	-37.29	388.15	
4	437.90	13.032	2.65	3.35	49.34	-3.19	-1.645	0	0	2.22	2.83	2.15	-1	0	0	-4.69	437.90	
5	507.35	14.397	1.15	0.7	14.18	-1.906	3.913	0	0	1.05	0.62	0.15	-1	0	0	-10.99	507.35	
6	843.00	51.528	1.25	6.2	239.94	1.184	-2.067	0	0	0.88	5.01	0.75	-1	0	0	-46.67	228.60	
7	891.05	32.686	2.35	5.05	160.76	0.793	-0.361	0	0	2.16	5.21	1.9	-1	0	0	-12.11	276.65	
8	965.25	16.795	1.15	3	47.51	-1.685	-0.482	0	0	1.03	0.99	0.45	-1	0	0	-13.03	350.85	
9	1117.50	28.784	2.85	4.45	139.83	1.084	1.886	0	0	2.35	5.64	2	-1	0	0	-9.78	503.10	
10	1229.15	18.43	2.8	0.95	37.68	-0.833	0.04	0	0	2.52	0.29	0.15	-1	0	0	-5.86	128.35	
11	1334.90	27.349	0.7	1.95	47.2	-2.819	-1.675	0	0	0.41	1.84	0.45	-1	0	0	-53.78	234.10	
12	1503.80	22.925	2.2	2.35	68.44	-0.291	-1.816	0	0	2.04	2.95	1.65	-1	0	0	-8.99	403.00	
13	1510.65	15.3	2.1	0.4	26.77	-2.277	-1.816	0	0	2.06	0.24	0.1	-1	0	0	-5.96	409.85	
14	1723.25	29.917	3.3	5.5	154.19	-1.084	4.786	0	0	1.59	5.11	1.25	-1	0	0	-15.04	8.05	
15	2157.15	22.052	1.65	3.85	70.28	-0.13	2.478	0	0	1.53	2.09	1	-1	0	0	-11.54	441.95	
16	2311.05	16.203	3.35	2.15	56.39	0.06	3.22	0	0	3.21	2.69	2.4	-1	0	0	-4.04	595.85	
17	2394.80	45.167	1.4	5.3	205.65	-0.702	3.15	0	0	1.15	5.31	0.95	-1	0	0	-31.43	65.20	
18	2439.15	32.737	1.4	3.95	113.33	-2.508	0.712	0	0	1.28	3.68	1.1	-1	0	0	-20.49	109.55	
19	2517.40	18.631	1.6	2.6	51.01	0.572	1.906	0	0	1.21	1.12	0.7	-1	0	0	-12.33	187.80	
20	2910.10	16.464	3.9	1.25	56.05	-0.883	-1.645	0	0	3.68	2.27	1.1	-1	0	0	-3.58	580.50	
21	3123.15	20.246	2.25	6.35	112.95	-0.14	-0.783	0	0	1.76	4.7	1.4	-1	0	0	-9.19	179.15	
22	3289.70	47.996	1.95	5.1	219.47	0.181	-1.013	0	0	1.41	4.84	1.4	-1	0	0	-27.23	345.70	
23	3327.90	67.861	1.6	4.2	241.8	0.783	1.585	0	0	0.64	3.44	1	-1	0	0	-84.87	383.90	
24	3459.10	21.309	4.8	4.75	120.65	-2.488	-1.114	0	0	4.45	4.31	1.6	-1	0	0	-3.83	515.10	
25	4127.20	23.587	2.7	3.65	85.71	-0.462	3.12	0	0	2.57	1.22	0.2	-1	0	0	-7.34	568.80	
26	4143.90	27.219	2.05	7.5	192.22	0.843	3.12	0	0	1.89	8.29	1.45	-1	0	0	-11.53	585.50	
27	4147.20	11.738	1.25	0.3	13.5	-13.845	3.12	0	0	0.83	0.7	0.45	-1	0	0	-11.28	588.80	
28	4157.85	30.439	1.85	4.45	108.81	-0.04	3.12	0	0	1.23	4.22	0.65	-1	0	0	-19.85	599.45	
29	4181.20	14.989	0.4	2.5	29	-3.913	-0.622	0	0	0.32	1.39	0.25	-1	0	0	-37.69	8.40	
30	4199.40	11.999	1.05	0.65	13.03	-4.595	-1.053	0	0	0.93	1.05	0.95	-1	0	0	-10.32	26.60	
31	4255.80	30.399	2.45	3.3	123.45	0.15	-0.642	0	0	2.29	4.78	2	-1	0	0	-10.64	83.00	
32	4299.65	21.711	2.5	5.25	104	3.732	0.873	0	0	2.28	2.15	1.85	-1	0	0	-7.61	126.85	
33	4544.45	16.755	2.35	2.7	47.62	1.665	-1.856	0	0	1.66	2.4	0.6	-1	0	0	-8.07	371.65	
34	4573.05	20.406	1.15	1.9	41.55	-1.043	-0.381	0	0	1.02	1.3	0.35	-1	0	0	-16.07	400.25	
35	4624.80	13.845	2.1	0.85	27.26	-0.311	-2.077	0	0	2.01	1.2	0.4	-1	0	0	-5.5	452.00	
36	4721.70	33.92	3.95	4.75	175.57	2.398	1.816	0	0	3	5.4	2.35	-1	0	0	-9.04	548.90	
37	4737.20	25.975	1.15	2.7	61.56	0.722	1.816	0	0	0.6	1.74	0.55	-1	0	0	-34.55	564.40	
38	4859.90	25.453	2.05	4.15	95.43	-2.087	-0.361	0	0	1.72	3.94	1.4	-1	0	0	-11.84	72.70	
39	5144.35	25.332	3.4	5.4	137.8	1.846	-1.415	0	0	2.69	5.07	1.95	-1	0	0	-7.52	357.15	
40	5173.50	57.537	2.7	5.55	274.56	-4.023	1.986	0	0	2.28	4.64	0.75	-1	0	0	-20.17	386.30	
41	5222.75	21.781	1.1	4.95	88.78	-3.802	-0.873	0	0	0.97	3.37	0.65	-1	0	0	-18.01	435.55	
42	5479.70	26.105	1.7	4.4	103.49	-0.803	-0.361	0	0	1.49	4.37	0.9	-1	0	0	-13.98	78.10	
43	5659.40	56.233	3.6	4.35	257.68	-2.257	0.11	0	0	1.04	4.49	1.7	-1	0	0	-43.12	257.80	
44	5755.90	16.574	2.25	1.95	48.98	-1.916	3.632	0	0	1.99	2.61	1.8	-1	0	0	-6.65	354.30	
45	6000.05	13.905	0.9	1.9	24.86	-1.304	-5.066	0	0	0.69	1.24	0.6	-1	0	0	-16.13	598.45	
46	6032.70	17.096	1.5	2.35	37.2	-2.679	-1.385	0	0	1.4	0.52	0.4	-1	0	0	-9.74	16.70	
47	6190.20	29.165	1.1	4	92.61	-2.99	-2.879	0	0	0.62	3.36	0.65	-1	0	0	-37.88	174.20	
48	6678.00	18.35	3	2.85	67.85	0.993	-1.756	0	0	2.88	3.37	2.1	-1	0	0	-5.1	47.60	
49	6769.90	20.426	2.95	2	66.47	-1.475	3.531	0	0	2.54	3.57	2.35	-1	0	0	-6.44	139.50	
50	6774.20	21.149	1.55	3.5	74.88	-2.639	3.531	0	0	1.44	3.72	0.85	-1	0	0	-11.72	143.80	
51	7017.25	31.382	2.15	6.5	178.07	-0.622	-3.21	0	0	1.54	5.84	1.3	-1	0	0	-16.33	386.85	
52	7061.00	19.253	0.65	2.8	45.37	-0.933	1.816	0	0	0.54	1.93	0.15	-1	0	0	-28.74	430.60	
53	7198.20	21.751	1.75	2.95	63.27	-0.893	2.007	0	0	1.43	2.63	1.4	-1	0	0	-12.14	567.80	
54	7354.05	15.882	1.95	5.1	67.45	-1.896	-1.124	0	0	1.82	2.59	1.1	-1	0	0	-6.97	109.25	
55	7512.80	38.927	2.15	4.45	175.06	-2.418	-1.084	0	0	2	4.85	1.85	-1	0	0	-15.54	268.00	
56	7550.95	15.41	4.4	0.25	41.79	-2.819	1.134	0	0	4.06	0.45	0.3	-1	0	0	-3.04	306.15	
57	7808.20	38.576	4.45	5.9	257.24	1.605	0.02	0	0	3.7	7.22	3.35	-1	0	0	-8.33	563.40	
58	7833.80	32.807	0.75	4.15	100.19	-2.588	-3.612	0	0	0.61	2.59	0.45	-1	0	0	-43.07	589.00	
59	7851.70	20.677	0.7	2.9	47.29	1.254	-3.612	0	0	0.54	2.17	0.4	-1	0	0	-30.85	606.90	
60	7907.05	27.439	3.15	2.95	110.51	-9.611	-2.097	0	0	2.99	3.97	2.65	-1	0	0	-7.34	47.85	
61	7895.75	35.405	2.8	4.7	174.75	-0.732	-0.351	0	0	2.56	4.69	2.05	-1	0	0	-11.05	36.55	
62	7945.45	21.982	0.6	3.25	58.1	-3.271	-3.431	0	0	0.47	2.36	0.2	-1	0	0	-37.78	86.25	
63	7986.30	37.241	1.95	5.6	171.23	-0.472	0.391	0	0	1.4	4.39	1	-1	0	0	-21.26	127.10	
64	8132.10	30.71	2.5	3.6	116.22	-2.207	-0.843	0	0	2.32	3.49	1.95	-1	0	0	-10.57	272.90	
65	8210.45	26.888	3.55	4.25	143.68	-1.114	-0.241	0	0	3.24	6.79	2.65	-1	0	0	-6.64	351.25	
66	8306.05	23.025	1	4.75	87.61	-3.11	-1.806	0	0	0.82	3.77	0.5	-1	0	0	-22.41	446.85	
67	8356.15	39.94	1.4	4.5	157.95	-2.578	2.087	0	0	1.26	4.06	0.9	-1	0	0	-25.33	496.95	
68	8680.50	15.872	1.15	1.7	27.22	-0.03	0.572	0	0	1.02	1.44	0.3	-1	0	0	-12.46	206.90	
69	8704.15	15.099	2.35	1.95	40.64	0.391	1.836	0	0	2.23	3.09	1.25	-1	0	0	-5.41	230.55	
70	8835.40	29.646	1.95	3.85	119.37	-8.207	0.08	0	0	1.76	4.23	1.65	-1	0	0	-13.48	361.80	
71	8828.20	18.039	1.85	1.15	36.17	-2.478	-2.639	0	0	1.73	2.01	1.65	-1	0	0	-8.33	354.60	
72	8922.95	20.015	2.7	1.35	53.83	-0.642	-1.214	0	0	2.57	2.58	1.7	-1	0	0	-6.24	449.35	
73	8957.60	33.268	2.45	3.65	149.45	-1.605	-1.314	0	0	2.31	5.22	1.9	-1	0	0	-11.54	484.00	
74	9092.55	43.512	2.15	2.9	146.33	-1.174	-1.445	0	0	1.81	3.46	1.65	-1	0	0	-19.23	4.55	
75	9248.35	29.265	3.05	5.7	157.09	-0.572	-1.084	0	0	2.61	5.16	2.1	-1	0	0	-8.95	160.35	
76	9455.25	17.577	1.05	4.6	65.56	-0.602	2.047	0	0	0.91	3.31	0.75	-1	0	0	-15.5	367.25	
77	9402.05	14.618	2.8	1.75	39.7	-0.512	-3.762	0	0	2.27	2.84	1.95	-1	0	0	-5.16	314.05	
78	9558.60	17.296	1.4	3.2	54	1.114	-3.09	0	0	1.26	1.25	0.9	-1	0	0	-11.01	470.60	
79	9869.15	39.569	1.15	12.6	424.53	-1.104	-0.271	0	0	0.9	11.79	0.85	-1	0	0	-35.3	166.75	
80	9873.70	31.181	1.8	5.05	143.9	-15.822	-0.271	0	0	1.34	4.71	0.55	-1	0	0	-18.59	171.30	
81	9953.65	15.982	1.95	2.65	49.53	-3.12	2.287	0	0	1.76	2.89	1.35	-1	0	0	-7.28	251.25	
82	10025.85	14.447	0.6	1.7	21.4	-2.308	-0.833	0	0	0.44	0.6	0.5	-1	0	0	-26.39	323.45	
83	10075.55	19.524	0.95	3.05	48.88	-1.555	-5.919	0	0	0.56	2.44	0.35	-1	0	0	-28.06	373.15	
84	10121.45	14.407	2.85	0.4	28.45	-1.405	-1.946	0	0	2.49	0.28	0.15	-1	0	0	-4.62	419.05	
85	10164.05	20.567	2.7	0.95	52.33	-3.271	-0.682	0	0	2.59	2.92	2.2	-1	0	0	-6.35	461.65	
86	10221.60	17.447	0.75	1.95	25.89	-3.301	2.227	0	0	0.64	0.42	0.1	-1	0	0	-21.75	519.20	
87	10235.65	14.939	3.8	0.65	41.75	-1.475	2.227	0	0	3.71	0.76	0.15	-1	0	0	-3.22	533.25	
88	10253.80	25.222	0.75	1.8	42.34	-2.167	-1.364	0	0	0.6	1.79	0.6	-1	0	0	-33.77	551.40	
89	10332.55	15.972	2.65	5.3	79.49	-3.682	0.07	0	0	2.01	4.65	0.65	-1	0	0	-6.36	15.75	
90	10410.60	14.297	0.9	2.6	32.18	-0.181	-2.227	0	0	0.82	2.14	0.6	-1	0	0	-14.02	93.80	
91	10496.70	29.687	3.1	4.8	157.06	-2.528	2.498	0	0	2.87	6.15	2.1	-1	0	0	-8.27	179.90	
92	10658.10	22.884	1.9	4.6	105.38	-0.02	2.318	0	0	1.78	4.86	1.45	-1	0	0	-10.31	341.30	
93	10711.75	42.268	4.05	3.95	213.1	-1.354	-0.823	0	0	3.81	5.68	2.65	-1	0	0	-8.88	394.95	
94	10801.75	23.838	3.65	3.05	95.7	0.08	3.391	0	0	3.05	5.07	2.5	-1	0	0	-6.25	484.95	
95	10837.80	13.594	1.4	0.15	11.72	-1.816	1.475	0	0	1.3	0.44	0.35	-1	0	0	-8.36	521.00	
96	10881.90	24.771	2.9	2.65	92.82	-1.525	-0.853	0	0	2.48	4.21	2.25	-1	0	0	-7.99	565.10	
97	10911.80	18.942	2.7	3.5	74.55	-0.472	2.669	0	0	2.61	3	0.2	-1	0	0	-5.81	595.00	
98	11004.95	17.096	3.75	1.6	54.37	-9.22	-2.608	0	0	3.29	2.85	2.45	-1	0	0	-4.15	73.75	
99	11111.55	14.868	0.65	2.1	25.85	-4.063	1.154	0	0	0.38	1.46	0.4	-1	0	0	-31.67	180.35	
100	11117.15	20.557	0.95	4.3	72.92	-3.13	1.154	0	0	0.81	4.78	0.65	-1	0	0	-20.21	185.95	
101	11178.70	24.279	2.1	4.95	110.32	-1.515	0.652	0	0	1.95	4.35	1.2	-1	0	0	-9.97	247.50	
102	11522.20	37.291	2.85	4.65	191.68	-0.11	-0.211	0	0	2.43	5.2	2.4	-1	0	0	-12.29	591.00	
103	11632.75	13.263	1.45	1.65	22.71	-0.441	0.191	0	0	1.15	0.52	0.15	-1	0	0	-9.26	87.15	
104	11841.05	12.35	2.25	1.15	25.72	0.15	-0.08	0	0	2.15	0.37	0.25	-1	0	0	-4.59	295.45	
105	11852.85	28.232	2.2	3.3	100.29	2.117	-0.08	0	0	2.08	4.1	1.5	-1	0	0	-10.87	307.25	
106	12084.65	10.033	1.9	1.5	25.21	-0.1	-2.047	0	0	1.85	1.92	1.5	-1	0	0	-4.34	539.05	
107	12114.35	26.466	2.8	12.75	446.24	-1.395	-2.468	0	0	2.68	3.55	2.45	-1	0	0	-7.91	568.75	
108	12118.40	57.447	1.9	4.2	251.78	-5.066	-2.468	0	0	1.49	5.03	1.35	-1	0	0	-30.79	572.80	
109	12184.30	27.55	3.3	6.2	161.45	0.843	0.823	0	0	2.85	5.85	1.4	-1	0	0	-7.74	24.30	
110	12527.95	51.989	1.95	6.45	284.61	-8.558	1.385	0	0	1.8	4.66	1.6	-1	0	0	-23.11	367.95	
111	12651.80	12.591	1.75	1.4	24.19	-1.154	-5.448	0	0	1.68	0.57	0.4	-1	0	0	-6	491.80	
112	12793.05	23.316	2.35	4.3	107.47	1.174	3.291	0	0	2.13	4.2	1.75	-1	0	0	-8.75	18.65	
113	13264.95	13.384	2.4	1.9	36.98	-1.645	1.635	0	0	1.85	0.7	0.15	-1	0	0	-5.8	490.55	
114	13465.20	21.209	2.7	4.55	106.01	-0.522	-1.525	0	0	2.33	4.69	1.7	-1	0	0	-7.28	76.40	
115	13479.35	15.862	1.15	2.7	39.03	0.973	-1.525	0	0	1.07	2.41	0.6	-1	0	0	-11.81	90.55	
116	13508.95	22.844	3.25	6.1	127.14	-0.01	-2.408	0	0	2.79	4	1.15	-1	0	0	-6.56	120.15	
117	13706.80	26.255	2.5	4.35	117.63	-0.311	-3.582	0	0	2.34	5.53	1.5	-1	0	0	-8.96	318.00	
118	14204.35	21.049	0.85	1.4	31.28	-2.518	-2.117	0	0	0.73	1.91	0.65	-1	0	0	-22.92	201.15	
119	14277.30	15.641	1.8	1.3	26	0.161	-0.943	0	0	1.74	0.74	0.15	-1	0	0	-7.21	274.10	
120	15002.70	21.721	3.95	3.25	80.58	1.324	3.501	0	0	2.96	2.16	1.6	-1	0	0	-5.87	385.10	
121	15184.45	27.229	4.05	4.45	140.75	2.077	0.582	0	0	3.22	5.24	2.2	-1	0	0	-6.76	566.85	
122	15285.65	35.967	1.45	11.45	376.67	1.946	-1.475	0	0	1.06	4.51	1.1	-1	0	0	-27.11	53.65	
123	15290.90	17.617	1.2	1.5	31.81	-31.583	2.498	0	0	1.05	1.94	0.95	-1	0	0	-13.38	58.90	
124	15414.75	30.539	3.05	5.5	166.88	-0.311	0.231	0	0	2.65	5.75	2.25	-1	0	0	-9.23	182.75	
125	15433.20	14.447	1.8	3.55	45.24	-2.117	-4.796	0	0	1.69	1.67	0.8	-1	0	0	-6.85	201.20	
126	15596.15	18.902	2	2.4	48.82	-0.722	1.726	0	0	1.87	1.49	0.35	-1	0	0	-8.08	364.15	
127	15664.20	20.657	1.3	3.2	57.77	-0.903	-0.11	0	0	1.22	2.4	1	-1	0	0	-13.52	432.20	
128	15812.50	14.096	2.6	2.15	40.85	0.853	0.02	0	0	2.46	2.73	1.65	-1	0	0	-4.58	580.50	
129	16086.55	34.091	3.1	4.35	160.04	-0.181	0.582	0	0	2.73	4.84	2	-1	0	0	-9.98	240.15	
130	16175.75	22.182	1.7	3.1	65.41	-0.351	-1.976	0	0	1.57	2	0.8	-1	0	0	-11.32	329.35	
131	16200.95	16.082	2.15	4.3	68.03	-0.411	-0.913	0	0	1.7	4.65	1.45	-1	0	0	-7.58	354.55	
132	16384.60	49.19	2.05	4.9	233.73	-2.789	-1.465	0	0	1.82	5.86	1.65	-1	0	0	-21.64	538.20	
133	16544.80	21.339	4.65	4.15	87.91	2.709	-2.398	0	0	1.48	3.62	0.65	-1	0	0	-11.51	84.00	
134	16583.90	18.039	1.65	3.35	57.78	-0.251	-1.425	0	0	1.09	3.77	0.7	-1	0	0	-13.26	123.10	
135	16606.75	17.798	1.4	2.65	46.75	3.843	-1.425	0	0	0.95	2.35	0.85	-1	0	0	-15.01	145.95	
136	16619.60	26.145	2.3	6.05	129.96	3.241	-1.425	0	0	2.15	3.99	1.4	-1	0	0	-9.75	158.80	
137	16661.40	12.19	3.4	0.8	26.97	-0.562	-2.368	0	0	1.65	0.33	0.25	-1	0	0	-5.9	200.60	
138	16861.50	14.778	2.35	0.9	27.64	0.742	1.304	0	0	2.26	1.64	1.5	-1	0	0	-5.23	400.70	
139	17156.90	31.924	2.95	3.1	128.18	0.1	0.321	0	0	2.65	4.88	2.15	-1	0	0	-9.64	81.70	
140	17232.15	17.617	1.55	2.85	46.17	-0.482	0.973	0	0	1.4	2.13	0.9	-1	0	0	-10.08	156.95	
141	17260.35	15.28	1.7	0.25	16.73	-0.401	0.752	0	0	1.56	0.43	0.3	-1	0	0	-7.81	185.15	
142	17606.35	11.618	1.55	0.2	11.51	-1.756	1.445	0	0	1.5	0.19	0.1	-1	0	0	-6.21	531.15	
143	17647.80	37.974	1.35	3.6	121.08	-2.769	-1.425	0	0	1.14	3.41	1.05	-1	0	0	-26.68	572.60	
144	17752.40	28.192	3.15	3.2	118.88	-0.642	2.528	0	0	3	4.84	2.5	-1	0	0	-7.52	62.80	
145	17776.95	14.427	2.6	3.6	57.34	0.14	1.545	0	0	2.49	3.52	2.15	-1	0	0	-4.63	87.35	
146	17856.35	9.792	3.85	0.95	29.46	-3.07	0.261	0	0	3.79	0.28	0.15	-1	0	0	-2.06	166.75	
147	17953.95	13.213	2.55	0.25	24.19	-1.284	-1.334	0	0	2.45	2.18	2.05	-1	0	0	-4.32	264.35	
148	18012.05	29.376	3.4	4.5	154.44	-1.134	-0.943	0	0	3.01	5.3	2.8	-1	0	0	-7.81	322.45	
149	18091.65	12.862	0.95	2	25.95	-0.732	1.966	0	0	0.89	1.03	0.15	-1	0	0	-11.59	402.05	
150	18180.75	21.47	2.8	2.7	75.93	-1.294	1.716	0	0	2.69	3.44	2.1	-1	0	0	-6.39	491.15	
151	18193.35	16.273	6.75	0.6	62.68	0.211	1.716	0	0	6.6	2.67	2.2	-1	0	0	-1.97	503.75	
152	18258.55	20.326	1.9	3.7	73.35	-0.12	-0.502	0	0	1.5	2.74	1.1	-1	0	0	-10.82	568.95	
153	18625.60	13.303	1.4	0.6	14.65	0.572	1.184	0	0	1.06	1.12	0.65	-1	0	0	-10.01	321.60	
154	18638.60	13.353	1.65	0.65	14.74	-1.856	2.047	0	0	1.56	0.29	0.15	-1	0	0	-6.87	334.60	
155	18658.30	25.242	2.65	10.9	332.79	-1.294	-0.913	0	0	2.06	11.13	1.35	-1	0	0	-9.8	354.30	
156	18660.40	41.726	1.25	4.85	181.12	-6.622	-0.913	0	0	1.04	4.77	0.5	-1	0	0	-32.05	356.40	
157	18682.10	19.754	4.15	1.65	71.35	-8.849	-0.913	0	0	4	3.95	2.7	-1	0	0	-3.95	378.10	
158	18689.80	20.426	2.6	2.3	60.73	-6.802	-0.913	0	0	1.89	2.78	1.15	-1	0	0	-8.64	385.80	
159	18849.80	32.536	2	6.55	182.32	-1.304	-4.444	0	0	1.82	5.56	1.4	-1	0	0	-14.3	545.80	
160	18938.90	41.114	2.75	3.55	168.35	-2.187	-1.756	0	0	2.56	5.08	2.2	-1	0	0	-12.84	20.50	
161	18921.40	14.357	1.45	0.65	16.17	-0.843	3.953	0	0	1.37	0.68	0.55	-1	0	0	-8.37	3.00	
162	18987.55	26.807	1.7	4.2	104.77	-1.946	2.879	0	0	1.5	4.21	1.4	-1	0	0	-14.29	69.15	
163	19013.80	16.644	1.85	3.7	53.17	1.364	-2.528	0	0	1.51	1.17	1.05	-1	0	0	-8.83	95.40	
164	19023.40	48.729	1.2	3.35	134.56	2.368	-2.528	0	0	0.75	2.77	0.6	-1	0	0	-51.87	105.00	
165	19038.35	35.847	2.3	4.3	161.21	0.672	-2.528	0	0	2.07	4.72	1.7	-1	0	0	-13.85	119.95	
166	19151.90	26.667	1.2	2.05	55.43	0.462	2.328	0	0	1.03	2.57	0.9	-1	0	0	-20.73	233.50	
167	19363.60	22.764	2.05	3.95	86.32	-0.522	2.759	0	0	1.86	3.74	1.2	-1	0	0	-9.79	445.20	
168	19438.45	18.56	2.3	3.55	63.8	-0.853	-3.672	0	0	2.16	1.59	1.45	-1	0	0	-6.89	520.05	
169	19445.00	26.807	2.9	2.7	97.97	-2.719	-3.672	0	0	2.77	4.06	2.05	-1	0	0	-7.74	526.60	
170	19582.40	20.196	0.65	1.75	29.28	-1.244	-0.1	0	0	0.54	1.62	0.4	-1	0	0	-29.66	49.60	
171	19618.25	12.942	0.75	1.25	15.36	1.053	-2.819	0	0	0.61	0.94	0.25	-1	0	0	-17.05	85.45	
172	19728.25	24.741	4.75	5.6	168.85	-0.823	1.575	0	0	4.25	7.7	3.55	-1	0	0	-4.65	195.45	
173	19773.70	17.938	4	2.85	76.79	-2.087	1.194	0	0	3.87	2.9	2.4	-1	0	0	-3.7	240.90	
174	19894.10	14.768	1.6	0.3	14.35	0.06	-1.094	0	0	1	1.17	1	-1	0	0	-11.8	361.30	
175	19982.25	18.33	1	3.35	49.15	-1.826	-0.492	0	0	0.67	1.98	0.65	-1	0	0	-21.81	449.45	
176	20073.35	56.083	3.25	7.75	415.33	-1.796	2.227	0	0	2.13	7.32	2.1	-1	0	0	-21.05	540.55	
177	20233.20	18.681	1.8	3.4	62.27	-0.552	-2.067	0	0	1.54	2.63	1.45	-1	0	0	-9.71	86.00	
178	20404.50	28.272	3	4	122.46	-2.107	0.181	0	0	2.5	3.94	2.05	-1	0	0	-9.06	257.30	
179	20669.15	29.255	2.6	3.7	128.45	-0.421	-0.532	0	0	2.38	5.66	2.1	-1	0	0	-9.81	521.95	
180	20964.00	19.333	2.5	0.4	37.51	-0.562	-0.492	0	0	2.36	2.24	1.95	-1	0	0	-6.55	202.40	
181	21070.40	28.553	2.8	6.4	168.62	-0.642	0.301	0	0	2.62	5.05	2.25	-1	0	0	-8.72	308.80	
182	21115.65	13.715	0.95	2.05	26.97	-0.191	2.378	0	0	0.84	1.84	0.85	-1	0	0	-13.08	354.05	
183	21250.00	26.566	0.9	2.15	50.23	-4.454	1.073	0	0	0.67	1.79	0.7	-1	0	0	-31.92	488.40	
184	21352.35	20.386	1.7	3.25	64.2	0.241	0.291	0	0	1.52	2.28	1.15	-1	0	0	-10.73	590.75	
185	21326.35	19.213	1.5	4.1	70.6	-3.17	0.853	0	0	1.38	2.98	1.15	-1	0	0	-11.11	564.75	
186	21364.50	31.713	1.6	4.35	121.6	0.12	0.291	0	0	1.34	3.53	1	-1	0	0	-18.96	602.90	
187	21645.75	26.145	1.5	3.85	77.65	2.488	1.073	0	0	1.18	2.53	0.7	-1	0	0	-17.68	269.75	
188	21785.65	13.986	1.6	2.35	37.03	-0.181	2.217	0	0	1.47	2.28	0.95	-1	0	0	-7.62	409.65	
189	21832.80	32.135	2.15	4.45	145.7	0.03	-1.485	0	0	1.95	4.16	1.75	-1	0	0	-13.21	456.80	
190	21955.05	25.082	3.7	3.6	118.36	-3.913	2.689	0	0	2.99	5.75	2.3	-1	0	0	-6.7	579.05	
191	22017.50	19.162	1.3	1.3	33.25	-1.144	0.672	0	0	1.17	1.3	0.95	-1	0	0	-13.07	27.10	
192	22073.10	26.175	1.25	3.55	80.14	-3.22	0.14	0	0	1.06	2.6	0.9	-1	0	0	-19.77	82.70	
193	22215.10	32.867	3.25	4.5	167.17	1.354	1.655	0	0	2.63	5.8	2.3	-1	0	0	-9.98	224.70	
194	22261.25	37.121	1.3	4.55	141.96	0.582	-0.983	0	0	1.12	4.28	0.9	-1	0	0	-26.53	270.85	
195	22320.40	26.205	2.05	7	147.86	-1.354	1.063	0	0	1.71	4.12	0.95	-1	0	0	-12.24	330.00	
196	22378.00	20.898	2	4.3	90.53	-1.244	-0.963	0	0	1.67	3.38	1.5	-1	0	0	-10.04	387.60	
197	22425.75	20.467	1.35	2.95	57.76	-4.013	-0.12	0	0	1.21	3	0.75	-1	0	0	-13.55	435.35	
198	22422.10	11.989	1.2	0.8	17.3	-0.522	1.053	0	0	1.07	1.67	1	-1	0	0	-8.98	431.70	
199	22470.60	35.325	1.95	2.4	104.02	-1.354	1.154	0	0	1.57	2.66	1.5	-1	0	0	-18.03	480.20	
200	22743.95	39.137	1.85	4.2	167.35	-1.716	1.023	0	0	1.46	4.53	1.25	-1	0	0	-21.42	139.15	
201	22933.70	25.152	1.7	3.4	85.47	-0.09	2.107	0	0	1.53	3.29	1.05	-1	0	0	-13.16	328.90	
202	23068.75	14.337	3.45	2.35	54.92	-0.732	-1.836	0	0	3.37	3.1	2.95	-1	0	0	-3.41	463.95	
203	23110.25	26.988	1.95	4.6	121.7	-2.97	-1.124	0	0	1.74	5.48	1.65	-1	0	0	-12.39	505.45	
204	23213.60	14.246	3.65	1.3	45.87	-2.679	-2.679	0	0	3.55	1.87	0.65	-1	0	0	-3.21	608.80	
205	23358.20	10.524	3.8	0.8	31.54	-0.13	2.95	0	0	3.66	0.81	0.5	-1	0	0	-2.3	139.00	
206	23468.75	35.957	3.65	4.75	179.43	0.532	1.284	0	0	2.8	4.28	2.45	-1	0	0	-10.29	249.55	
207	23562.30	21.219	2.9	3.7	82.85	-3.552	-1.063	0	0	2.77	3.47	0.9	-1	0	0	-6.14	343.10	
208	23759.80	18.761	1.45	3.4	56.07	0.612	-2.819	0	0	1.35	2.17	1.1	-1	0	0	-11.12	540.60	
209	24135.70	19.373	1.05	5.95	86.65	1.174	1.696	0	0	0.9	3.42	0.9	-1	0	0	-17.13	302.10	
210	23960.60	13.905	0.65	2.1	22.72	0.06	0.612	0	0	0.54	0.94	0.4	-1	0	0	-20.43	127.00	
211	24195.45	25.262	4.55	4.15	133.15	1.826	-4.003	0	0	4.2	5.29	3.2	-1	0	0	-4.81	361.85	
212	24434.50	30.399	2.4	4.75	140.49	-0.321	0.421	0	0	2.22	4.7	1.8	-1	0	0	-10.95	600.90	
213	24636.65	20.758	3.9	5.5	118.59	0.843	-0.913	0	0	3.78	3.01	1.9	-1	0	0	-4.4	188.65	
214	24646.45	24.189	1.9	3.5	77.56	0.291	-0.913	0	0	1.56	2.19	0.45	-1	0	0	-12.38	198.45	
215	25467.30	22.985	2.9	2.95	88.01	-0.863	-1.625	0	0	2.78	3.95	2.15	-1	0	0	-6.61	404.90	
216	25515.45	18.119	1.1	0.7	20.87	-1.535	1.224	0	0	0.99	1.58	1	-1	0	0	-14.62	453.05	
217	25835.00	14.266	1.9	2.2	35.94	-0.933	1.244	0	0	1.63	1.51	1.1	-1	0	0	-7.01	158.20	
218	25878.10	30.459	1.45	4.1	109.44	-2.629	1.926	0	0	1.33	3.21	0.9	-1	0	0	-18.39	201.30	
219	25931.25	17.778	2.45	2.9	55.17	-2.137	0.622	0	0	2.05	2.7	0.85	-1	0	0	-6.95	254.45	
220	25940.10	18.259	1.85	0.7	26.17	-2.287	0.622	0	0	1.73	1.42	0.8	-1	0	0	-8.44	263.30	
221	25978.05	42.92	1.85	4.8	191.58	0.02	-3.772	0	0	1.53	5.18	1.3	-1	0	0	-22.41	301.25	
222	25985.75	14.136	2.3	1.55	39.99	-7.886	-3.772	0	0	2.22	1.13	0.7	-1	0	0	-5.08	308.95	
223	26079.60	12.15	1.45	2	24.56	-2.328	-1.234	0	0	1.1	0.76	0.6	-1	0	0	-8.86	402.80	
224	26146.95	35.867	2.85	6.8	226.73	0.462	0.783	0	0	2.61	6.8	2	-1	0	0	-11.01	470.15	
225	26256.00	11.287	1.15	2.25	24.24	-2.017	-1.184	0	0	1.08	1.51	0.2	-1	0	0	-8.34	579.20	
226	26270.40	28.152	1.45	2.75	78.92	2.247	-1.184	0	0	1.32	3.03	1.2	-1	0	0	-17.01	593.60	
227	26308.25	12.741	2.2	2.75	40.35	-1.966	-0.863	0	0	2.05	2.9	1.65	-1	0	0	-4.97	17.05	
228	26333.55	18.691	1.55	3.15	55.98	-3.09	-3.19	0	0	1.19	2.06	1.1	-1	0	0	-12.52	42.35	
229	26381.90	17.758	3.25	3.9	89.81	-3.09	-2.217	0	0	3.15	5.77	1.95	-1	0	0	-4.51	90.70	
230	26481.10	28.523	1.95	2.5	79.25	-1.154	-4.103	0	0	1.49	2.71	1.35	-1	0	0	-15.34	189.90	
231	26514.65	28.493	1.35	2.15	65.83	-2.909	1.314	0	0	0.69	2.39	1.1	-1	0	0	-32.98	223.45	
232	26594.85	37.031	3.1	9.15	312.39	-1.445	-2.498	0	0	2.87	8.44	2.35	-1	0	0	-10.34	303.65	
233	26705.40	17.096	3.55	2.3	60.01	-0.331	0.201	0	0	3.41	1.4	1.05	-1	0	0	-4.01	414.20	
234	26834.90	29.636	2.1	5.3	147.99	0.301	1.876	0	0	1.91	5.09	1.75	-1	0	0	-12.41	543.70	
235	26849.50	26.416	1	3.25	67.18	3.08	1.876	0	0	0.84	2.71	0.6	-1	0	0	-25.14	558.30	
236	26897.50	27.73	1.7	4.4	103.79	-2.127	2.388	0	0	1.26	3.62	0.95	-1	0	0	-17.59	606.30	
237	26989.00	24.67	1.8	5.2	115.57	1.425	2.468	0	0	1.32	4.82	0.95	-1	0	0	-14.95	83.40	
238	27091.85	14.628	2.5	3.45	55.89	-2.629	1.726	0	0	2.37	2.2	1.6	-1	0	0	-4.93	186.25	
239	27151.50	47.344	3.5	5.35	254.05	-0.712	-1.174	0	0	3.26	5.03	1.4	-1	0	0	-11.61	245.90	
240	27181.15	35.927	1.55	3.7	125.65	-3.692	-1.515	0	0	1.36	3.44	1.3	-1	0	0	-21.13	275.55	
241	27186.20	16.755	1.3	1.85	32.17	-12.35	-1.515	0	0	1.2	0.89	0.35	-1	0	0	-11.17	280.60	
242	27217.35	38.315	1.75	4.5	156.11	-3.391	0.642	0	0	1.55	4.04	1.15	-1	0	0	-19.71	311.75	
243	27325.05	12.38	1.65	1.25	22.82	-0.532	-0.502	0	0	1.54	0.86	0.3	-1	0	0	-6.42	419.45	
244	27392.65	14.557	2	2.25	37.27	1.003	-1.425	0	0	1.93	0.58	0.15	-1	0	0	-6.04	487.05	
245	27464.65	29.767	2.6	2.55	97.43	1.194	-1.946	0	0	2.26	3.69	2.1	-1	0	0	-10.56	559.05	
246	27509.45	12.591	2.55	2.3	38.47	2.157	-1.374	0	0	2.37	1.63	0.75	-1	0	0	-4.24	603.85	
247	27742.00	29.065	3	3.9	135.9	-2.207	4.545	0	0	2.63	4.76	2.6	-1	0	0	-8.83	222.00	
248	27863.20	40.351	1.4	5.35	175.76	-1.515	-1.966	0	0	1.23	4.13	0.95	-1	0	0	-26.34	343.20	
249	27933.20	34.683	1.5	4.55	135.56	0.08	2.869	0	0	1.11	4.08	0.9	-1	0	0	-25.02	413.20	
250	27939.65	14.166	1	2.9	39.62	-8.969	2.869	0	0	0.94	2.07	0.15	-1	0	0	-12.04	419.65	
251	28094.05	10.113	3.7	0.2	24.4	-1.425	2.297	0	0	3.56	0.33	0.2	-1	0	0	-2.27	574.05	
252	28207.10	22.042	1.7	4.45	90.97	-1.776	1.545	0	0	1.59	4.43	1	-1	0	0	-11.11	72.70	
253	28160.70	16.293	3.95	0.15	39.47	-0.482	1.505	0	0	3.62	0.22	0.15	-1	0	0	-3.6	26.30	
254	28235.00	35.235	1.95	5	163.97	-0.482	2.619	0	0	1.44	4.73	1.35	-1	0	0	-19.63	100.60	
255	28367.25	19.243	1.15	5.3	84.57	0.431	-1.495	0	0	1.02	5.01	0.85	-1	0	0	-15.09	232.85	
256	28392.60	42.88	2.4	5.05	217.53	-6.331	0.783	0	0	2.16	6.02	1.8	-1	0	0	-15.88	258.20	
257	28431.75	41.866	2.05	5.4	216.17	-2.267	0.652	0	0	1.49	5.83	1.5	-1	0	0	-22.55	297.35	
258	28494.15	13.564	1.25	4.65	48.77	-2.287	2.859	0	0	1.16	1.18	0.7	-1	0	0	-9.35	359.75	
259	28644.35	12.109	3.75	0.35	27.4	-1.776	0.14	0	0	2.89	1.21	0.95	-1	0	0	-3.35	509.95	
260	28688.10	22.604	1.65	3.95	79.72	-1.495	0.13	0	0	1.37	3.41	1.2	-1	0	0	-13.18	553.70	
261	28715.85	24.68	2.35	4.1	103.21	-2.739	-1.003	0	0	2.21	4.91	1.9	-1	0	0	-8.94	581.45	
262	28746.80	19.594	1.85	4.75	72.74	-1.013	-2.077	0	0	0.98	1.79	0.95	-1	0	0	-16.02	612.40	
263	29059.00	40.993	1.85	4.4	163.17	-2.578	-0.09	0	0	1.6	4.32	1.4	-1	0	0	-20.54	310.20	
264	29089.85	28.693	1.75	4.75	122.35	-2.468	1.114	0	0	1.44	4.14	1	-1	0	0	-15.98	341.05	
265	29164.30	27.67	0.75	3.1	66.95	-0.883	-0.572	0	0	0.58	2.77	0.4	-1	0	0	-38.34	415.50	
266	29182.75	63.808	2.4	7.6	464.48	-3.301	-0.04	0	0	1.56	7.63	1.85	-1	0	0	-32.69	433.95	
267	29185.30	18.39	1.3	1	37.8	-46.662	-0.04	0	0	0.88	1.45	0.7	-1	0	0	-16.69	436.50	
268	29239.30	23.185	3.9	4.25	120.85	-4.605	3.371	0	0	3.53	5.37	2.65	-1	0	0	-5.25	490.50	
269	29309.85	13.905	1.55	0.15	11.57	-3.943	-0.652	0	0	1.21	0.22	0.15	-1	0	0	-9.19	561.05	
270	29432.45	26.867	1.4	2.6	68.34	-0.411	-1.726	0	0	1.28	2.11	1.1	-1	0	0	-16.73	69.25	
271	29478.80	24.299	2.2	3.5	86.62	-1.816	1.675	0	0	2.06	4.34	1.8	-1	0	0	-9.46	115.60	
272	29757.35	23.426	2.2	2.5	74.38	-1.726	1.294	0	0	2.04	3.71	1.8	-1	0	0	-9.18	394.15	
273	29834.80	26.055	1.3	3.6	85.63	0.492	2.257	0	0	1.15	3.77	0.9	-1	0	0	-18.17	471.60	
274	29842.20	18.55	3	0.3	34.52	-2.368	2.257	0	0	0.14	0.35	0.15	-1	0	0	-103.32	479.00	
275	30359.95	38.325	1.5	3.35	125.63	0.722	-2.448	0	0	1.29	3.3	1	-1	0	0	-23.7	382.35	
276	30492.80	19.664	4.55	4.7	116.77	-0.983	1.053	0	0	3.6	5.53	2.9	-1	0	0	-4.37	515.20	
277	30554.95	22.283	1.3	2.45	53.21	-2.027	-4.364	0	0	1.16	1.82	1	-1	0	0	-15.36	577.35	
278	30629.15	24.088	3.65	3.35	109.48	-1.224	-0.341	0	0	3.5	3.59	2.1	-1	0	0	-5.51	37.15	
279	30662.05	16.654	1.95	3.05	49.17	-1.104	-4.113	0	0	1.33	3.51	1.1	-1	0	0	-10.05	70.05	
280	30697.25	45.127	1.65	7.05	262.33	-2.047	0.672	0	0	1.5	6.26	1.3	-1	0	0	-24.07	105.25	
281	30729.25	21.661	0.85	3.9	71.38	-2.508	3	0	0	0.77	3.81	0.6	-1	0	0	-22.48	137.25	
282	30825.60	27.379	1.35	5.65	126.52	-0.11	1.585	0	0	0.91	4.81	0.75	-1	0	0	-24.03	233.60	
283	30840.00	26.757	2.65	3.7	106.13	-0.371	1.585	0	0	2.54	3.73	1.75	-1	0	0	-8.44	248.00	
284	30971.80	20.577	3	1.9	63.74	-1.053	0.522	0	0	2.64	3.98	2.2	-1	0	0	-6.23	379.80	
285	31141.55	21.099	3.1	3.45	83.11	-1.063	-0.973	0	0	2.1	4.03	1.7	-1	0	0	-8.03	549.55	
286	31449.20	33.489	0.65	3.8	103.56	-1.766	-1.284	0	0	0.52	3.79	0.4	-1	0	0	-51.5	242.80	
287	31474.65	28.182	1.15	3.75	90.52	0.712	-0.823	0	0	0.97	3.07	0.8	-1	0	0	-23.27	268.25	
288	31489.95	35.837	2.1	4.6	169.91	-1.946	0.582	0	0	1.95	5.4	1.65	-1	0	0	-14.71	283.55	
289	31645.60	30.85	2.7	5.8	170.18	-2.588	2.558	0	0	2.23	5.84	2	-1	0	0	-11.08	439.20	
290	31786.15	11.056	1.95	0.6	14.73	0.161	-2.107	0	0	1.17	0.65	0.4	-1	0	0	-7.56	579.75	
291	31808.75	27.841	3.7	3.05	120.92	-2.328	0.813	0	0	3.36	4.57	2.7	-1	0	0	-6.64	602.35	
292	31900.95	27.419	1.25	5.35	121.72	1.344	2.418	0	0	1.11	4.6	0.9	-1	0	0	-19.71	80.15	
293	31990.65	29.917	1.65	3.7	109.51	-1.425	0.04	0	0	1.3	4.18	1.15	-1	0	0	-18.36	169.85	
294	32198.75	26.597	1.6	6.05	135.25	-0.963	0.13	0	0	1.44	3.92	1.15	-1	0	0	-14.81	377.95	
295	32216.80	39.579	2.95	4.95	204.47	-0.893	0.13	0	0	2.44	5.78	1.9	-1	0	0	-12.95	396.00	
296	32300.80	18.45	2.55	3.7	68.61	-2.97	-3.08	0	0	2.44	3.04	1.35	-1	0	0	-6.04	480.00	
297	32320.75	61.41	1.55	4.9	266.11	-0.622	-1.194	0	0	1.09	4.43	1.15	-1	0	0	-45.02	499.95	
298	32362.20	18.139	2.1	3.05	60.62	-3.17	0.351	0	0	1.71	3.05	1.35	-1	0	0	-8.49	541.40	
299	32372.35	54.598	1.55	3.85	176.74	-3.06	0.351	0	0	0.53	2.74	0.9	-1	0	0	-81.72	551.55	
300	32379.45	22.794	1.4	1.95	46.94	-8.588	0.351	0	0	0.95	2.23	0.4	-1	0	0	-19.23	558.65	
301	32543.25	17.647	0.65	2.4	31.23	-3.09	-1.364	0	0	0.52	1.01	0.35	-1	0	0	-26.9	108.05	
302	32585.30	38.265	0.95	2.3	76.66	-3.03	-1.084	0	0	0.68	2.26	0.65	-1	0	0	-45.26	150.10	
303	32686.15	22.373	3.15	2.75	91.46	-21.189	-0.783	0	0	2.35	4.44	2.65	-1	0	0	-7.61	250.95	
304	32753.35	32.887	1.1	2.7	85.46	-2.117	0.331	0	0	0.88	3.04	0.75	-1	0	0	-29.92	318.15	
305	32779.50	25.774	2.3	2.75	80.44	-8.819	-0.863	0	0	2.11	2.84	1.05	-1	0	0	-9.79	344.30	
306	32833.60	24.941	1.05	1.6	44.1	-2.639	-2.879	0	0	0.85	2.02	0.85	-1	0	0	-23.55	398.40	
307	32963.45	28.844	2.25	5.2	140.43	-1.405	2.819	0	0	1.28	5.67	1.1	-1	0	0	-18.03	528.25	
308	32983.40	33.971	5.3	4.8	164.99	2.639	2.819	0	0	1.31	4.55	1.2	-1	0	0	-20.72	548.20	
309	33058.85	40.161	1.65	4.8	165.22	-1.696	-0.642	0	0	0.8	4.35	0.75	-1	0	0	-40.16	9.25	
310	33144.55	14.929	1.3	2.6	39.47	-0.03	-2.107	0	0	0.9	2.72	0.9	-1	0	0	-13.21	94.95	
311	33253.85	21.049	3.3	2.95	81.87	-3.07	-2.318	0	0	2.94	4.19	1.4	-1	0	0	-5.73	204.25	
312	33298.90	14.909	1.65	1.45	25.58	-3.381	0.241	0	0	1.15	0.8	0.6	-1	0	0	-10.33	249.30	
313	33479.40	17.166	2.6	3.85	68.18	-4.916	0.502	0	0	2.48	2.83	1.1	-1	0	0	-5.54	429.80	
314	33210.90	10.484	1.55	1.45	20.16	-1.053	2.608	0	0	1.46	0.32	0.2	-1	0	0	-5.73	161.30	
315	33580.40	38.014	2.85	7.4	267.7	0.532	0.762	0	0	2.24	7.4	1.5	-1	0	0	-13.55	530.80	
316	33583.60	22.624	2	1.7	67.31	-13.454	0.762	0	0	0.96	3.74	0.15	-1	0	0	-18.76	534.00	
317	33861.55	18.049	2.25	3.85	77.68	-2.649	-1.114	0	0	2.13	4.35	1.15	-1	0	0	-6.79	197.55	
318	33731.45	10.203	2.7	1.5	24.78	-1.264	-1.515	0	0	2.58	0.26	0.15	-1	0	0	-3.16	67.45	
319	34281.40	33.098	3.1	4.05	152.71	-1.846	4.103	0	0	2.87	5.33	2.6	-1	0	0	-9.24	3.00	
320	34468.55	87.605	4.85	9.2	821.55	-23.737	-2.729	0	0	3.44	10.35	3	-1	0	0	-20.37	190.15	
321	34774.55	27.981	2.9	4.25	129.48	-2.047	0.773	0	0	2.72	4.72	2.25	-1	0	0	-8.22	496.15	
322	34796.00	24.751	4.35	3.45	130.7	-5.347	0.1	0	0	3.69	5.08	3.25	-1	0	0	-5.37	517.60	
323	35302.75	11.477	1.3	4.3	52.68	-0.161	1.675	0	0	1.18	5.38	1.2	-1	0	0	-7.81	409.95	
324	35314.10	29.958	7	5.25	223.99	-0.532	1.675	0	0	6.56	5.75	2.75	-1	0	0	-3.65	421.30	
325	35339.95	22.383	1.75	3.8	82.22	-0.472	1.716	0	0	1.6	3.82	1.35	-1	0	0	-11.16	447.15	
326	35900.45	28.182	2.5	3.3	99.54	2.819	4.063	0	0	1.61	3.69	1.45	-1	0	0	-13.97	393.25	
327	36204.05	34.201	2.45	4.45	147.39	1.023	2.96	0	0	2.03	4.67	1.4	-1	0	0	-13.49	82.45	
328	36317.20	35.656	1.6	4.65	151.02	-2.197	-0.201	0	0	1.07	5.18	1.2	-1	0	0	-26.6	195.60	
329	36458.40	17.045	1.2	1.95	33.45	-0.793	0.04	0	0	1.08	0.29	0.15	-1	0	0	-12.65	336.80	
330	36645.95	21.43	2.25	3.15	78.3	-0.712	-0.522	0	0	2	4.27	1.95	-1	0	0	-8.57	524.35	
331	36716.00	15.862	4.7	3.9	75.03	0.251	0.472	0	0	3.5	2.39	0.7	-1	0	0	-3.62	594.40	
332	37035.50	19.393	3.7	2.25	77.86	-1.595	-2.117	0	0	3.35	2.45	0.3	-1	0	0	-4.63	299.50	
333	37109.55	17.838	1.05	3.7	51.31	1.324	2.007	0	0	0.94	2.56	0.65	-1	0	0	-15.16	373.55	
334	37146.60	28.864	2.25	5.05	138.68	-2.428	-4.174	0	0	2.06	5.02	1.4	-1	0	0	-11.2	410.60	
335	37163.20	20.216	1.25	2.95	55.03	-6.762	0.682	0	0	1.07	3.14	0.9	-1	0	0	-15.12	427.20	
336	37186.80	17.216	2.3	5.5	81.06	-1.114	-1.716	0	0	2.16	1.38	1.1	-1	0	0	-6.37	450.80	
337	37259.20	25.031	3.55	5.2	140.41	-2.418	-0.421	0	0	3.22	5.7	2.35	-1	0	0	-6.23	523.20	
338	37489.15	32.325	2.15	5.6	165.55	1.254	0.07	0	0	1.7	4.74	1.75	-1	0	0	-15.22	138.75	
339	37514.45	13.143	1.35	3	35.95	-1.505	-2.398	0	0	0.89	2.13	0.95	-1	0	0	-11.78	164.05	
340	37612.55	35.325	2.25	3.35	130.76	-3.682	0.873	0	0	2.04	3.87	1.55	-1	0	0	-13.87	262.15	
341	37732.55	11.628	0.6	1.7	17.47	-1.495	-1.274	0	0	0.53	0.51	0.15	-1	0	0	-17.67	382.15	
342	37885.75	16.544	0.6	3.35	40.21	-0.803	2.418	0	0	0.42	1.59	0.3	-1	0	0	-31.75	535.35	
343	37893.55	26.296	3.35	4.6	135.53	-2.087	2.418	0	0	3.06	5.65	2.15	-1	0	0	-6.87	543.15	
344	38154.00	45.598	2.1	4.15	187.67	-2.137	-4.204	0	0	1.92	4.62	1.75	-1	0	0	-19.03	189.20	
345	38192.35	21.801	3.45	3.7	102.5	-2.187	-1.073	0	0	3.24	4.23	2.15	-1	0	0	-5.38	227.55	
346	38301.80	23.356	4.35	4.35	103.97	0.281	-0.08	0	0	3.49	2.34	1.15	-1	0	0	-5.35	337.00	
347	38371.40	47.846	1.35	4.1	155.11	-0.14	-0.692	0	0	0.44	3.21	0.35	-1	0	0	-87.97	406.60	
348	38449.10	18.631	1.3	1.15	29.76	-2.418	-2.247	0	0	1.2	1.18	1.05	-1	0	0	-12.4	484.30	
349	38482.85	20.657	1.75	5.75	98.36	-1.013	0.632	0	0	1.6	4.3	1.15	-1	0	0	-10.33	518.05	
350	38512.85	14.487	4.05	0.2	35.58	-3.953	1.284	0	0	3.94	0.69	0.6	-1	0	0	-2.94	548.05	
351	38522.20	16.413	1.65	2.9	44.49	-4.525	-3.281	0	0	1.39	1.4	0.15	-1	0	0	-9.48	557.40	
352	38543.20	45.859	2.65	5.1	217.8	-2.879	1.104	0	0	2.23	5.15	1.35	-1	0	0	-16.46	578.40	
353	38805.80	21.921	3.85	3.25	93.74	-0.451	-0.933	0	0	3.51	3.37	1.1	-1	0	0	-4.99	226.60	
354	38988.15	80.683	2	4.6	365.05	-2.308	0.261	0	0	1.33	4.92	1.65	-1	0	0	-48.6	408.95	
355	39102.60	16.072	1.45	2.7	45.86	-2.839	0.231	0	0	1.26	3.45	1.15	-1	0	0	-10.18	523.40	
356	39149.05	13.524	0.95	4.05	45.81	-0.883	-3.331	0	0	0.82	2.11	0.6	-1	0	0	-13.17	569.85	
357	39329.35	13.404	2.9	1.35	32.5	1.354	-1.334	0	0	2.77	0.95	0.65	-1	0	0	-3.87	135.75	
358	39348.60	27.55	4.2	6.65	184.63	-0.592	-0.632	0	0	3.62	7.57	2.7	-1	0	0	-6.09	155.00	
359	39363.10	28.182	1.75	3	87.08	-10.193	1.304	0	0	1.49	2.99	1.1	-1	0	0	-15.11	169.50	
360	39399.05	37.01	1.7	6.65	201.88	0.02	-0.07	0	0	1.25	5.47	1.05	-1	0	0	-23.69	205.45	
361	39506.40	48.097	3.25	5.2	250.98	-1.635	1.304	0	0	2.4	6.26	1.85	-1	0	0	-16.03	312.80	
362	39571.45	22.303	2.15	3.8	85.56	-1.264	-2.297	0	0	1.85	3.65	1.7	-1	0	0	-9.66	377.85	
363	39621.55	22.523	1.7	3.2	70.96	-7.173	0.692	0	0	1.57	3.2	1.15	-1	0	0	-11.45	427.95	
364	40050.25	15.34	1.25	1.95	33.7	0.411	0.472	0	0	1.14	2.63	0.75	-1	0	0	-10.73	242.25	
365	40083.40	33.108	1.15	4.1	124.07	0.1	3.01	0	0	0.77	4.22	0.85	-1	0	0	-34.38	275.40	
366	40148.55	25.533	2.55	4.9	133.64	-1.505	0.552	0	0	2.41	5.51	1.75	-1	0	0	-8.49	340.55	
367	40244.10	24.028	2.15	5.25	115.61	-0.762	-1.455	0	0	1.95	5.51	1.45	-1	0	0	-9.87	436.10	
368	40349.50	31.101	2.25	3.75	117.32	0.1	-1.946	0	0	1.79	4.16	1.5	-1	0	0	-13.93	541.50	
369	40423.00	35.997	2.9	4.2	174.34	-6	-1.234	0	0	2.56	5.28	2.4	-1	0	0	-11.25	90.20	
370	40541.05	22.363	1.75	2.65	62.48	0.451	-0.391	0	0	1.63	2.44	1.25	-1	0	0	-10.98	208.25	
371	40624.00	31.101	2.6	4.8	141.15	-1.716	0.14	0	0	2.36	3.97	1.4	-1	0	0	-10.56	291.20	
372	40750.25	21.179	1	3.8	61.75	-1.465	-2.057	0	0	0.65	2.82	0.5	-1	0	0	-26	417.45	
373	40791.70	24.119	1.75	3.6	87.22	-0.451	3.531	0	0	1.6	3.56	1.2	-1	0	0	-12.07	458.90	
374	40834.60	61.239	2.5	7.2	393.46	0.281	2.027	0	0	1.76	6.32	2.1	-1	0	0	-27.91	501.80	
375	40987.80	26.065	1.85	4.55	112.22	-1.234	1.154	0	0	1.03	3.44	1.3	-1	0	0	-20.3	40.60	
376	40948.30	14.146	0.5	2.5	29.03	-1.846	4.374	0	0	0.4	1.01	0.2	-1	0	0	-28.6	1.10	
377	41722.70	20.035	1.3	3.95	65.66	-1.294	-0.722	0	0	1.21	3.08	0.6	-1	0	0	-13.2	161.10	
378	41764.35	13.193	2.3	1.7	33.93	-0.692	3.451	0	0	2.14	3.01	1.95	-1	0	0	-4.94	202.75	
379	41795.05	37.141	1.55	4.35	133.13	-2.358	0	0	0	1.39	3.5	1.2	-1	0	0	-21.41	233.45	
380	41919.30	26.366	1.35	3.7	93	-1.435	2.909	0	0	0.92	3.75	0.75	-1	0	0	-22.94	357.70	
381	41970.75	22.252	0.8	2.35	44.09	-1.415	0.883	0	0	0.65	2.43	0.55	-1	0	0	-27.59	409.15	
382	42050.35	21.349	4.6	2.8	104.46	-3.19	-0.652	0	0	4.47	5.35	4.3	-1	0	0	-3.82	488.75	
383	42091.30	20.005	2.8	5.15	107.84	-0.913	-1.675	0	0	2.68	5.17	2.05	-1	0	0	-5.96	529.70	
384	41591.90	16.444	1.05	3.3	42.42	-1.665	3.481	0	0	0.81	2.68	0.5	-1	0	0	-16.22	30.30	
385	42788.40	15.721	2.9	4.1	72.64	-3.291	3.792	0	0	2.79	2.03	1.85	-1	0	0	-4.51	612.40	
386	42828.50	16.303	3.2	1.2	47.19	-2.087	0.773	0	0	3.11	3.1	2.7	-1	0	0	-4.2	38.10	
387	42947.25	25.674	3.15	4.55	112.51	-1.836	-0.492	0	0	2.79	4.54	1.55	-1	0	0	-7.35	156.85	
388	43035.85	13.685	0.75	2.5	28.74	0.542	-0.331	0	0	0.61	2.69	0.3	-1	0	0	-18.09	245.45	
389	43145.05	17.798	1.9	2.3	46.54	-2.408	-5.528	0	0	1.76	2.3	0.9	-1	0	0	-8.1	354.65	
390	43226.85	19.182	2	4	62.77	1.826	-2.348	0	0	1.18	1.93	0.25	-1	0	0	-12.99	436.45	
391	43251.00	14.287	1.15	4.05	44.1	0.983	3.531	0	0	1.05	0.44	0.15	-1	0	0	-10.83	460.60	
392	43587.85	20.276	2	3.4	61.59	0.171	1.254	0	0	1.78	3.11	1.1	-1	0	0	-9.1	183.05	
393	43773.55	21.109	1.1	1.85	32.5	0.421	3.14	0	0	0.77	1.55	0.3	-1	0	0	-21.92	368.75	
394	43813.40	19.794	1.25	1.6	33.93	-0.843	-3.361	0	0	1.11	1.31	0.9	-1	0	0	-14.31	408.60	
395	43886.80	15.25	2.6	3	47.36	-1.585	-1.936	0	0	1.9	1.92	1.25	-1	0	0	-6.41	482.00	
396	44035.80	22.784	1.7	3.7	85.92	-0.542	-2.167	0	0	1.44	3.66	1.15	-1	0	0	-12.68	16.60	
397	44344.65	31.944	1.65	3.6	108.18	-0.522	0.702	0	0	1.53	4.07	1	-1	0	0	-16.71	325.45	
398	44366.35	19.514	3.95	1.85	67.49	-0.863	2.237	0	0	2.84	3.74	2.5	-1	0	0	-5.51	347.15	
399	44421.35	17.607	0.95	2	31.52	-1.364	2.869	0	0	0.86	1.33	0.7	-1	0	0	-16.34	402.15	
400	44447.45	14.337	1.45	2	27.79	-4.816	1.194	0	0	1.33	1.19	0.2	-1	0	0	-8.64	428.25	
401	44488.05	31.834	1.65	5.8	153.71	0.783	0.642	0	0	1.23	4.13	1.05	-1	0	0	-20.74	468.85	
402	44934.40	20.768	3.05	5.8	126.52	0.622	-0.08	0	0	2.54	7.44	1.75	-1	0	0	-6.53	300.80	
403	44998.80	15.611	2.05	4.5	62.1	-0.993	-1.916	0	0	1.96	0.59	0.45	-1	0	0	-6.39	365.20	
404	45433.80	28.974	1.3	4.65	111.58	-1.164	2.619	0	0	1.12	3.99	0.95	-1	0	0	-20.68	185.80	
405	45474.40	19.102	2.6	0.7	32.52	-1.314	0.11	0	0	2.54	0.65	0.15	-1	0	0	-6.02	226.40	
406	45668.60	24.189	1.15	4.6	92.73	-0.562	0.03	0	0	0.92	4.08	0.7	-1	0	0	-21.01	420.60	
407	45803.40	9.059	2.55	0.2	17.12	-2.187	0.411	0	0	2.47	0.52	0.4	-1	0	0	-2.93	555.40	
408	46065.95	28.412	1.75	6.05	147.11	0.552	-3.712	0	0	1.6	5.58	1.4	-1	0	0	-14.18	203.55	
409	46081.55	21.43	2.35	3.55	82.92	-4.645	1.846	0	0	2.19	4.13	1.65	-1	0	0	-7.81	219.15	
410	46183.40	25.342	3.1	7.9	177.01	0.783	4.003	0	0	2.46	5.63	1.7	-1	0	0	-8.23	321.00	
411	46267.05	18.861	1.15	3.8	61.74	-3.21	4.003	0	0	0.8	4.05	0.75	-1	0	0	-18.85	404.65	
412	46330.65	17.547	0.85	4.5	56.16	-0.201	-3.953	0	0	0.78	0.48	0.15	-1	0	0	-18.08	468.25	
413	46299.40	17.547	1.15	3.2	46.84	1.354	0.15	0	0	1.04	1.29	0.2	-1	0	0	-13.52	437.00	
414	46346.30	13.163	0.95	1.15	16.04	-2.719	3.331	0	0	0.83	0.5	0.4	-1	0	0	-12.66	483.90	
415	46440.90	33.469	2.75	5.8	203.61	1.746	0.11	0	0	2.57	6.63	2.35	-1	0	0	-10.43	578.50	
416	46647.50	29.476	1.8	3.55	109.37	-4.846	0.853	0	0	1.59	3.66	1.5	-1	0	0	-14.8	170.70	
417	46671.80	15.189	3.5	1.15	42.11	-2.237	2.528	0	0	3.39	0.57	0.45	-1	0	0	-3.58	195.00	
418	46711.35	15.22	2.2	3.2	57.17	-0.572	4.906	0	0	2.1	4.48	1.4	-1	0	0	-5.79	234.55	
419	46773.15	20.276	2.15	2.75	61.41	-1.435	-0.311	0	0	2.04	2.26	1.5	-1	0	0	-7.96	296.35	
420	46779.00	16.745	2.55	2.45	57.78	-3.12	-0.311	0	0	2.41	2.12	0.25	-1	0	0	-5.55	302.20	
421	47025.45	43.732	1.35	5.45	211.82	-4.143	0.331	0	0	1	5.1	0.95	-1	0	0	-34.98	548.65	
422	47103.15	29.636	1.55	3.65	96.4	-0.451	-0.903	0	0	1.41	3.71	1	-1	0	0	-16.82	11.95	
423	47222.80	20.808	4.05	1.55	56.9	-13.705	-0.1	0	0	2.62	2.29	1.65	-1	0	0	-6.35	131.60	
424	47234.00	19.865	3.65	0.15	51.53	-3.371	-0.1	0	0	3.54	0.51	0.45	-1	0	0	-4.48	142.80	
425	47386.50	12.34	2.05	2.65	34.92	-1.455	1.936	0	0	1.69	1.17	1	-1	0	0	-5.83	295.30	
426	47475.60	13.604	1.35	2	27.41	-0.893	-1.565	0	0	1.28	1.11	1	-1	0	0	-8.47	384.40	
427	47582.25	15.741	1.35	2.35	39.13	-1.986	-2.328	0	0	1.2	3.24	1.05	-1	0	0	-10.51	491.05	
428	47866.05	33.198	4.6	5.25	202.95	-1.605	-0.03	0	0	4.41	6.65	3.6	-1	0	0	-6.03	160.45	
429	48036.35	17.788	4.6	1.9	75.34	-0.823	0.652	0	0	4.06	4.13	4.05	-1	0	0	-3.51	330.75	
430	48044.70	22.002	1.75	9.9	196.98	1.605	0.652	0	0	1.36	10.16	0.65	-1	0	0	-12.95	339.10	
431	48049.90	17.918	2.25	2.45	55.46	-6.642	0.652	0	0	2.13	2.18	1.45	-1	0	0	-6.73	344.30	
432	48227.10	22.002	1.65	2	53.79	-3.963	-2.057	0	0	1.5	1.93	1.35	-1	0	0	-11.75	521.50	
433	48214.55	13.103	1.75	2.6	31.6	-1.224	2.167	0	0	1.65	0.74	0.15	-1	0	0	-6.36	508.95	
434	48371.60	36.93	2.7	5.15	183.06	0.933	-1.415	0	0	2.17	4.48	1.75	-1	0	0	-13.62	51.60	
435	48447.25	41.084	2.25	4.6	201	-1.344	0.271	0	0	1.99	4.8	1.8	-1	0	0	-16.49	127.25	
436	48612.60	13.685	1.4	2.45	34.37	-7.825	3.271	0	0	1.32	1.99	0.85	-1	0	0	-8.32	292.60	
437	48699.40	19.042	3.05	0.8	50.3	-3.963	-4.224	0	0	2.85	2.8	2.55	-1	0	0	-5.34	379.40	
438	49004.20	29.065	1.6	4.75	124.72	-1.756	-0.341	0	0	1.47	4.73	1.1	-1	0	0	-15.83	69.80	
439	49108.90	13.273	3.15	3.7	52.22	-3.281	0.482	0	0	3.03	0.3	0.2	-1	0	0	-3.5	174.50	
440	49257.35	17.537	2	3.4	56.16	-0.752	-2.297	0	0	1.87	1.7	1.15	-1	0	0	-7.49	322.95	
441	49524.15	17.999	1.9	2.2	39.65	-1.565	0.702	0	0	1.36	1.06	0.75	-1	0	0	-10.61	589.75	
442	49710.35	14.497	2.25	2.8	47.64	-4.003	-0.803	0	0	2.16	3.11	2	-1	0	0	-5.37	161.55	
443	49572.05	12.26	1.1	1.1	17.49	-3.431	-1.485	0	0	0.97	0.41	0.2	-1	0	0	-10.07	23.25	
444	49865.45	32.436	1.6	5.9	154.41	-0.15	-2.719	0	0	1.39	4.74	1.2	-1	0	0	-18.6	316.65	
445	49921.30	29.958	3.05	2.7	112.52	-2.107	1.505	0	0	2.82	4.2	2	-1	0	0	-8.51	372.50	
446	50011.65	13.464	3.4	2.85	55.44	-11.588	-0.201	0	0	3.26	3.13	1.85	-1	0	0	-3.3	462.85	
447	50582.30	20.577	4.5	3.95	112.89	3.15	-3.832	0	0	4.38	6.72	3.9	-1	0	0	-3.76	419.10	
448	50711.35	17.467	2.4	0.6	31.25	-0.231	0.11	0	0	2.28	2.19	1.65	-1	0	0	-6.13	548.15	
449	50762.50	23.587	2.45	5.45	122.13	-2.739	-2.94	0	0	2.34	5.77	1.2	-1	0	0	-8.05	599.30	
450	50774.10	28.362	1.55	2.85	88.15	-4.324	-2.94	0	0	1.39	2.91	1.45	-1	0	0	-16.32	610.90	
451	50859.00	76.088	1.3	5.45	352.31	-1.675	-2.047	0	0	0.83	5.3	0.95	-1	0	0	-73.14	94.20	
452	50920.95	18.681	2.15	1.9	40.6	-3.531	0.522	0	0	2.02	0.71	0.35	-1	0	0	-7.41	156.15	
453	50987.75	10.103	2.55	1.35	22.03	-4.404	-0.472	0	0	2.36	0.64	0.4	-1	0	0	-3.42	222.95	
454	51584.15	33.539	1.5	3.6	103.7	1.164	-0.371	0	0	1.22	2.75	1.1	-1	0	0	-22.08	204.95	
455	51751.80	16.393	0.65	3.45	42.87	-0.863	-0.813	0	0	0.56	2.33	0.35	-1	0	0	-23.34	372.60	
456	51817.75	31.503	2.15	4.25	137.11	0.181	-1.254	0	0	2.02	4.6	1.8	-1	0	0	-12.49	438.55	
457	51837.30	29.536	1.65	5.9	149.75	1.063	0.04	0	0	1.53	5.52	1.3	-1	0	0	-15.46	458.10	
458	52052.65	17.367	2.55	4.55	73.95	-2.187	-2.398	0	0	2.46	4.24	1	-1	0	0	-5.65	59.05	
459	52145.30	45.97	1.55	5.45	224.72	0.502	-2.689	0	0	1.17	5.9	1.1	-1	0	0	-31.5	151.70	
460	52381.30	31.964	1.45	3.7	103.73	-0.181	2.368	0	0	1.16	3.75	1	-1	0	0	-21.99	387.70	
461	52497.15	13.444	1.95	1.15	27.24	0.421	2.428	0	0	1.86	1.21	0.15	-1	0	0	-5.79	503.55	
462	52595.75	14.708	2.65	1.1	33.96	-2.348	-2.629	0	0	2.4	0.4	0.2	-1	0	0	-4.9	602.15	
463	52996.85	24.791	1.7	3.25	85.7	-0.341	-1.455	0	0	1.53	4.06	1.2	-1	0	0	-12.99	388.85	
464	53032.70	32.757	3.85	6.9	207.42	4.735	-0.1	0	0	3.06	5.87	2.05	-1	0	0	-8.56	424.70	
465	53281.40	29.827	1.85	3.35	100.09	-0.331	2.408	0	0	1.52	3.19	1.15	-1	0	0	-15.7	59.00	
466	53552.80	16.092	2.65	1.7	46.18	3.812	2.187	0	0	2.53	1.04	0.15	-1	0	0	-5.08	330.40	
467	53467.15	14.497	1.85	1.3	26.34	2.96	-1.013	0	0	1.71	1.89	0.65	-1	0	0	-6.77	244.75	
468	53872.50	23.045	2.1	2.75	56.51	3.431	1.344	0	0	1.28	2.25	0.85	-1	0	0	-14.37	35.70	
469	53894.85	10.956	1.05	1.05	14.39	0.532	1.675	0	0	0.94	1.1	0.15	-1	0	0	-9.3	58.05	
470	53954.75	37.753	1.4	4.1	130.2	0.803	-0.903	0	0	1.11	3.65	1.05	-1	0	0	-27.21	117.95	
471	54191.10	17.597	4	3.75	73.28	1.525	-1.354	0	0	3.85	0.4	0.3	-1	0	0	-3.66	354.30	
472	54278.50	22.664	2	2.3	63.96	0.602	-0.732	0	0	1.83	2.83	1.65	-1	0	0	-9.9	441.70	
473	54431.45	17.336	3.75	2.7	75.09	0.592	-1.013	0	0	3.51	3.52	2.4	-1	0	0	-3.95	594.65	
474	54443.05	29.677	1.65	8.05	220.53	-2.97	1.154	0	0	1.45	7.88	1.35	-1	0	0	-16.4	606.25	
475	54446.65	18.179	2.15	2.3	60.03	-15.561	1.154	0	0	2.06	1.54	0.45	-1	0	0	-7.05	609.85	
476	54467.40	26.867	2.2	4	107.78	-0.973	0.411	0	0	1.78	3.81	1.6	-1	0	0	-12.08	16.20	
477	54769.70	20.206	3.55	5.35	114.61	-0.421	-0.572	0	0	3.38	5.7	2.6	-1	0	0	-4.78	318.50	
478	54893.75	29.125	2.25	4.25	123.49	-0.291	-0.14	0	0	1.94	4.56	1.75	-1	0	0	-12.03	442.55	
479	55118.00	79.539	2	3.85	271.37	3.662	0.692	0	0	0.56	3.89	0.95	-1	0	0	-113.68	52.40	
480	55431.55	13.654	2.05	2.1	32.39	0.542	0.983	0	0	1.9	0.75	0.65	-1	0	0	-5.76	365.95	
481	55504.30	30.218	2.45	5.4	152.02	1.214	-0.833	0	0	2.25	5.37	1.5	-1	0	0	-10.75	438.70	
482	55571.60	19.945	2.4	4.6	92.79	1.134	4.384	0	0	1.94	3.42	1.25	-1	0	0	-8.22	506.00	
483	55625.75	12.31	0.8	2.7	30.13	1.304	-0.612	0	0	0.7	2.02	0.45	-1	0	0	-14.1	560.15	
484	55652.15	23.777	2.45	2.85	77.53	0.301	0.371	0	0	2.03	2.99	1.8	-1	0	0	-9.36	586.55	
485	55792.85	21.209	4.15	4.95	104.43	0.221	0.311	0	0	3.81	2.67	1.15	-1	0	0	-4.45	112.85	
486	55888.25	36.108	3.05	5.75	207.32	0.803	-2.227	0	0	2.59	7.04	1.95	-1	0	0	-11.15	208.25	
487	55946.45	39.438	1.2	5.15	166.39	-1.254	0.883	0	0	1.01	4.24	0.8	-1	0	0	-31.24	266.45	
488	56151.10	16.825	3.3	2.7	63.59	0.361	0.712	0	0	3.12	2.74	1.3	-1	0	0	-4.32	471.10	
489	56320.00	39.89	1.4	4.3	154.54	-0.401	1.465	0	0	1.1	4	1	-1	0	0	-29.08	25.60	
490	56339.95	25.874	1.5	3.75	94.38	-4.324	-1.124	0	0	1.37	4.27	1.15	-1	0	0	-15.16	45.55	
491	56484.90	18.711	1.85	5.3	87.92	1.234	-0.12	0	0	1.71	2.09	0.95	-1	0	0	-8.74	190.50	
492	56513.45	48.006	1.2	4.4	181.55	-0.893	0.973	0	0	0.67	3.83	0.95	-1	0	0	-57.33	219.05	
493	56371.25	10.213	0.7	1.45	15.18	-1.204	0.732	0	0	0.63	0.66	0.15	-1	0	0	-12.87	76.85	
494	56534.05	15.651	3.1	2.95	56.39	-3.1	-3.01	0	0	2.98	1.41	0.4	-1	0	0	-4.2	239.65	
495	56606.05	15.581	1.15	4.05	51.42	-1.224	-0.07	0	0	1.08	1.24	0.15	-1	0	0	-11.51	311.65	
496	56720.10	123.442	2.3	6.3	661.9	0.13	1.956	0	0	1.04	6.08	1.2	-1	0	0	-95.06	425.70	
497	56804.35	14.487	1.1	1.8	26.27	-2.749	-1.946	0	0	0.99	0.8	0.7	-1	0	0	-11.68	509.95	
498	57236.80	48.819	1.15	4.8	190.05	0.161	-3.873	0	0	0.98	4.07	0.8	-1	0	0	-39.87	328.00	
499	57298.85	21.48	1.95	3.85	87.08	-0.783	0.973	0	0	1.8	2.58	1.65	-1	0	0	-9.56	390.05	
500	57332.65	18.791	2.5	2.8	67.51	-3.16	0.823	0	0	2.1	3.89	1.5	-1	0	0	-7.17	423.85	
