500	Time (ms)	Amplitude	Rise (ms)	Decay (ms)	Area	Baseline	Noise	Group	Channel	10-90Rise	HalfWidth	Rise50	Peak Dir	Burst#	BurstE#	10-90Slope	Rel Time	
1	1393.65	11.301	1.55	0.45	12.26	0.036	0.312	0	0	1.41	0.51	0.15	-1	0	0	-6.4	164.85	
2	1456.60	9.507	1.15	1.15	13.29	-0.268	1.16	0	0	0.8	1.26	0.3	-1	0	0	-9.55	227.80	
3	1747.85	12.318	1.9	0.95	19.85	0.223	-1.437	0	0	1.77	1.17	0.35	-1	0	0	-5.56	519.05	
4	6005.80	7.918	2.6	1.4	18.56	-2.044	0.919	0	0	2.46	0.44	0.3	-1	0	0	-2.57	476.20	
5	6601.55	56.192	1.9	3.95	222.05	-2.374	-0.071	0	0	1.1	4.51	1.4	-1	0	0	-40.98	457.55	
6	6849.75	10.051	3.3	0.2	20.15	-1.723	1.018	0	0	2.89	0.26	0.15	-1	0	0	-2.78	91.35	
7	6836.85	7.828	1.2	1.7	14.37	-1.303	0.83	0	0	1.14	0.97	0.15	-1	0	0	-5.51	78.45	
8	7422.80	12.408	3.85	2.15	36.9	0.348	-2.892	0	0	2.28	0.53	0.4	-1	0	0	-4.36	50.00	
9	8099.85	24.03	2.35	3.95	101.91	-2.124	-0.982	0	0	2.2	4.51	1.9	-1	0	0	-8.74	112.65	
10	8497.05	20.638	2.15	4.45	90.6	-1.276	-0.848	0	0	1.99	4.8	1.55	-1	0	0	-8.32	509.85	
11	9387.40	10.444	1.9	2.05	26.34	-0.116	1.883	0	0	1.81	1.81	1.25	-1	0	0	-4.63	171.40	
12	9747.35	11.497	4.1	0.2	28.86	0.107	1.544	0	0	3.82	0.26	0.15	-1	0	0	-2.41	531.35	
13	10342.20	10.256	2.5	1.2	23.88	0.884	0.411	0	0	2.42	1.24	0.85	-1	0	0	-3.4	511.80	
14	12948.20	12.551	1.35	2.35	28.59	-0.295	-2.071	0	0	1.17	2.06	0.65	-1	0	0	-8.61	45.80	
15	13402.15	18.433	1.8	3.55	55.37	2.017	1.009	0	0	1.43	1.68	0.95	-1	0	0	-10.28	499.75	
16	14934.35	13.836	2.4	1.45	32.04	-0.571	-4.597	0	0	1.84	2.2	0.85	-1	0	0	-6.02	188.75	
17	15003.50	29.502	1.6	3.05	93.51	-0.902	-0.768	0	0	1.23	3.73	1.2	-1	0	0	-19.2	257.90	
18	16564.55	28.243	1.65	1.8	61.13	-1.116	-0.054	0	0	1.53	2.66	1.4	-1	0	0	-14.76	590.15	
19	17223.80	25.699	2.25	3	93.85	-1.589	-0.741	0	0	1.6	3.67	1.65	-1	0	0	-12.82	20.60	
20	17380.90	26.654	1.55	3.3	84.34	0.214	2.482	0	0	1.33	3.63	1.1	-1	0	0	-16.01	177.70	
21	18229.90	50.443	1.75	4.45	203.16	-1.143	1.5	0	0	1.04	4.37	1.2	-1	0	0	-38.83	412.30	
22	18908.80	10.506	1.7	2.1	25.5	-1.268	-2.142	0	0	1.6	0.5	0.3	-1	0	0	-5.26	476.80	
23	21788.55	11.292	2.95	1.05	29.26	-3.937	0.732	0	0	2.89	2.4	1.45	-1	0	0	-3.12	284.55	
24	22098.50	53.46	2.45	4.45	233.55	-2.071	0.893	0	0	1.46	4.68	1.6	-1	0	0	-29.31	594.50	
25	23014.30	17.424	1.4	2.1	38.3	-0.768	0.071	0	0	1.28	1.87	1.1	-1	0	0	-10.91	281.50	
26	24930.15	20.691	2.55	2.25	65.69	-2.151	3.044	0	0	2.22	3.28	2.1	-1	0	0	-7.47	354.15	
27	25209.35	8.319	1.65	1.25	14.18	-4.606	0.241	0	0	1.54	1.32	1.2	-1	0	0	-4.32	18.95	
28	25503.60	8.302	1.65	0.7	11.74	-4.463	-3.33	0	0	1.54	0.39	0.3	-1	0	0	-4.3	313.20	
29	25543.10	18.924	1.25	2.05	42.1	-3.196	0.803	0	0	1.1	2.77	0.85	-1	0	0	-13.75	352.70	
30	26470.55	45.052	2.1	5.7	236.29	-4.097	1.071	0	0	1.62	5.31	1.3	-1	0	0	-22.23	51.35	
31	27591.90	25.431	1.25	3.7	80.85	-5.204	-1.509	0	0	0.96	3.58	0.7	-1	0	0	-21.19	558.30	
32	27744.20	11.212	1.65	1.2	20.84	-5.427	1.794	0	0	1.52	1.31	1.2	-1	0	0	-5.91	96.20	
33	28215.00	12.122	1.6	1	20.2	-5.436	-2.651	0	0	1.42	1.61	0.7	-1	0	0	-6.81	567.00	
34	28482.50	13.747	1.45	2.15	34.01	-4.401	3.722	0	0	1.28	3.06	1	-1	0	0	-8.62	220.10	
35	28548.30	19.147	1.2	2.6	48.38	-3.919	0.393	0	0	1.08	2.67	0.45	-1	0	0	-14.22	285.90	
36	28719.05	11.524	2.3	1.2	26.98	-2.374	1.821	0	0	2.2	2.97	1.85	-1	0	0	-4.18	456.65	
37	29303.65	13.095	0.95	2.65	29.61	-4.285	-2.723	0	0	0.89	0.27	0.15	-1	0	0	-11.73	426.85	
38	29358.35	12.979	2	1.05	19.93	-6.025	0.5	0	0	1.5	1.18	1.05	-1	0	0	-6.92	481.55	
39	29379.70	16.023	1.65	2.3	38.89	-6.847	2.16	0	0	1.38	1.69	0.6	-1	0	0	-9.31	502.90	
40	29404.60	12.309	4.25	1.65	45.91	-7.364	0.553	0	0	4.13	1.98	0.7	-1	0	0	-2.38	527.80	
41	29401.50	13.595	1.3	1.7	25.12	-5.731	-0.866	0	0	1.08	1.65	0.6	-1	0	0	-10.04	524.70	
42	29484.10	10.372	0.7	1.6	15.74	-4.249	1.848	0	0	0.63	0.28	0.15	-1	0	0	-13.21	607.30	
43	29655.20	11.542	1.05	2.8	26.73	-7.498	-0.366	0	0	0.9	0.24	0.15	-1	0	0	-10.24	164.00	
44	29840.80	10.417	1.25	1.7	16.6	-6.641	1.509	0	0	1.1	0.98	0.35	-1	0	0	-7.59	349.60	
45	29964.70	32.322	1.45	4.25	116.2	-5.927	1.705	0	0	1.1	3.66	0.7	-1	0	0	-23.6	473.50	
46	29972.95	9.221	1.45	1.1	16.14	-10.881	1.705	0	0	1.37	1.06	0.2	-1	0	0	-5.39	481.75	
47	30245.35	13.256	2.2	2.2	37.99	-5.82	0.446	0	0	2.1	2.14	1.3	-1	0	0	-5.06	139.75	
48	30221.60	7.284	1.9	0.8	12.98	-4.999	-2.205	0	0	1.75	0.94	0.25	-1	0	0	-3.33	116.00	
49	30296.20	12.622	1.35	0.5	12.08	-6.972	2.062	0	0	1.01	0.67	0.55	-1	0	0	-10.03	190.60	
50	30402.90	10.515	1.1	1.85	17.78	-4.383	0.357	0	0	0.99	0.78	0.2	-1	0	0	-8.53	297.30	
51	30447.00	10.301	1.45	0.75	11.59	-5.802	-0.696	0	0	1.04	0.33	0.2	-1	0	0	-7.96	341.40	
52	30490.95	14.425	3.65	1.55	42.96	-5.249	-0.303	0	0	3.51	0.85	0.45	-1	0	0	-3.29	385.35	
53	30675.45	10.515	1.55	1.15	13.95	-6.445	2.517	0	0	1.24	0.69	0.15	-1	0	0	-6.79	569.85	
54	30885.70	7.57	1.4	1.35	12.85	-5.508	1.25	0	0	1.25	0.59	0.35	-1	0	0	-4.83	165.70	
55	31052.05	13.782	1.7	0.4	14.52	-4.82	-1.616	0	0	1.62	0.48	0.3	-1	0	0	-6.8	332.05	
56	31188.60	12.345	1.6	2.35	27.72	-5.534	-1.785	0	0	1.48	0.42	0.25	-1	0	0	-6.69	468.60	
57	31334.40	11.952	1.4	1.25	18.99	-3.437	1.821	0	0	1.33	1.07	0.9	-1	0	0	-7.19	153.60	
58	31473.85	10.221	2.15	1.05	19.43	-5.695	-2.526	0	0	2.03	0.76	0.4	-1	0	0	-4.03	293.05	
59	31733.40	21.013	2.2	2.75	64.17	-3.597	-1.294	0	0	2.01	2.99	1.55	-1	0	0	-8.34	552.60	
60	31816.65	26.02	1.85	3.55	91.13	-3.499	-0.437	0	0	1.63	3.87	1.45	-1	0	0	-12.78	21.45	
61	32135.10	20.977	2.15	2.5	56.9	-2.981	-0.411	0	0	1.97	2.63	1.2	-1	0	0	-8.52	339.90	
62	32616.90	11.363	1.3	2.05	22.72	-3.704	-3.517	0	0	1.15	1.45	0.25	-1	0	0	-7.9	207.30	
63	32728.45	11.676	3.1	0.65	24.52	-5.347	-1.044	0	0	2.44	0.35	0.2	-1	0	0	-3.82	318.85	
64	32783.40	15.282	1.55	2.05	33.99	-4.981	-2.803	0	0	1.43	1.12	0.45	-1	0	0	-8.53	373.80	
65	33077.25	16.826	2.15	2.65	40.2	-2.294	-1.928	0	0	2.05	0.85	0.35	-1	0	0	-6.57	53.25	
66	33716.90	18.647	1.45	3.25	53.7	-4.151	0.17	0	0	1.3	2.43	0.5	-1	0	0	-11.44	78.50	
67	34269.80	35.34	1.8	3.4	129.1	-5.838	1.5	0	0	1.25	4.35	1.4	-1	0	0	-22.63	17.00	
68	34387.20	16.344	3.35	2.6	60.02	-4.044	-1.991	0	0	3.28	1.29	0.15	-1	0	0	-3.98	134.40	
69	35067.05	10.408	1	1.65	14.84	-3.499	1.669	0	0	0.67	0.62	0.2	-1	0	0	-12.52	199.85	
70	35093.60	21.566	2.1	2.8	72.06	-3.928	-1.384	0	0	1.92	3.24	1.7	-1	0	0	-8.99	226.40	
71	35237.20	13.523	2.7	1.85	38.38	-5.151	3.097	0	0	2.37	2.56	2.1	-1	0	0	-4.56	370.00	
72	35387.25	12.426	4.35	2.4	44.09	-4.338	-1.25	0	0	3.78	1.54	0.15	-1	0	0	-2.63	520.05	
73	35406.15	12.068	2.15	1	21.33	-4.124	-0.5	0	0	2.06	0.27	0.15	-1	0	0	-4.69	538.95	
74	35556.35	22.602	2.3	4.3	94.03	-4.204	-2.482	0	0	1.68	3.62	1.55	-1	0	0	-10.79	74.75	
75	35652.15	10.06	1.9	1.1	16.99	-6.329	0.732	0	0	1.24	1.17	0.4	-1	0	0	-6.52	170.55	
76	36132.25	20.129	1.2	3.75	67.29	-4.856	-1.33	0	0	1.08	3.22	0.8	-1	0	0	-14.93	36.25	
77	37189.35	11.729	1.65	3.4	37.06	-3.365	-0.161	0	0	1.51	2.44	0.5	-1	0	0	-6.23	478.95	
78	37921.10	12.577	2.65	2.45	32.97	-4.151	1.991	0	0	1.81	0.67	0.45	-1	0	0	-5.56	596.30	
79	37937.85	13.541	1.2	3.25	41.84	-5.758	-2.142	0	0	0.88	3.18	0.35	-1	0	0	-12.36	613.05	
80	38052.55	15.077	2.4	13.35	326.9	-2.865	-1.803	0	0	1.45	2.51	1.1	-1	0	0	-8.32	113.35	
81	38056.10	44.561	1.9	3.55	158.52	-10.158	1.41	0	0	1.16	4.12	1.2	-1	0	0	-30.68	116.90	
82	38792.45	29.323	2.15	3.3	94.21	-6.231	0.107	0	0	1.98	3.45	1.55	-1	0	0	-11.83	238.85	
83	38862.15	61.235	4.05	8.05	488.46	-5.133	-1.393	0	0	3.36	8.43	2.1	-1	0	0	-14.57	308.55	
84	39238.40	25.547	1.05	3.9	79.67	-6.016	-2.151	0	0	0.89	2.91	0.75	-1	0	0	-22.88	70.40	
85	39249.10	14.871	1.1	3	37.41	-6.311	-2.151	0	0	0.97	1.53	0.25	-1	0	0	-12.3	81.10	
86	40344.15	17.103	1.95	2.95	44.66	-4.499	-0.357	0	0	1.28	0.76	0.6	-1	0	0	-10.67	561.75	
87	40705.05	15.657	1.2	3	39.17	-4.927	2.428	0	0	1.09	1.18	0.15	-1	0	0	-11.54	308.25	
88	42348.35	12.229	1.95	0.4	15.94	-5.418	-0.714	0	0	1.83	0.72	0.4	-1	0	0	-5.35	108.35	
89	44007.10	24.271	2.55	3.45	95.26	-6.097	-0.616	0	0	2.34	3.94	1.9	-1	0	0	-8.3	538.30	
90	44814.60	32.769	1.6	3.1	100.74	-7.266	2.874	0	0	1.22	3.31	1.1	-1	0	0	-21.43	117.00	
91	45119.40	33.233	1.35	2.9	93.31	-6.24	-2.937	0	0	1.16	2.99	1	-1	0	0	-22.99	421.80	
92	46924.60	24.887	1.5	3.85	84.74	-7.079	-1.526	0	0	1.34	3.29	0.9	-1	0	0	-14.89	383.80	
93	47187.25	10.569	2	2.5	26.84	-7.391	0.268	0	0	1.18	1.51	0.15	-1	0	0	-7.14	32.05	
94	48343.65	12.488	1.85	1.45	25.12	-7.605	-0.259	0	0	1.73	1.03	0.45	-1	0	0	-5.77	574.05	
95	49137.55	14.934	0.9	1.3	21.11	-7.775	-0.705	0	0	0.81	1.69	0.5	-1	0	0	-14.78	139.15	
96	49173.65	12.854	3	2.3	48.84	-8.694	0.437	0	0	2.84	4.38	2.55	-1	0	0	-3.62	175.25	
97	50476.15	21.584	1.95	3.15	70.44	-9.971	-0.946	0	0	1.78	3.91	1.45	-1	0	0	-9.71	248.95	
98	50629.25	52.273	3.6	4	265.42	-8.114	1.134	0	0	2.74	5.42	2.8	-1	0	0	-15.28	402.05	
99	51470.55	9.06	1.15	1	11.4	-8.48	-0.455	0	0	0.85	1.12	0.15	-1	0	0	-8.56	14.55	
100	52750.45	37.473	2.15	3.85	143.76	-7.007	-1.634	0	0	1.52	3.95	1.5	-1	0	0	-19.71	65.65	
101	53510.90	13.648	1.8	0.75	19.48	-9.926	-0.312	0	0	1.68	0.37	0.2	-1	0	0	-6.51	211.70	
102	54961.10	31.019	1.35	4.7	113.35	-7.579	0.339	0	0	0.84	3.92	0.9	-1	0	0	-29.47	433.10	
103	58934.75	12.265	3.15	1.4	31.67	-8.23	-0.25	0	0	2.51	1.65	1.25	-1	0	0	-3.92	105.95	
104	60077.10	11.274	1.7	2.4	28.48	-9.533	3.517	0	0	1.61	2.22	1.55	-1	0	0	-5.62	19.50	
105	60170.25	16.942	1.75	3.8	59.75	-10.56	0.446	0	0	1.53	3.23	1.35	-1	0	0	-8.85	112.65	
106	60886.15	22.218	1.9	3.55	71.2	-9.873	-1.214	0	0	1.25	3.2	0.85	-1	0	0	-14.2	214.15	
107	61215.60	31.43	1.85	4.4	127.59	-11.738	-0.098	0	0	1.63	4.11	1.6	-1	0	0	-15.44	543.60	
108	62139.50	15.184	2.05	1	28.6	-13.068	-0.964	0	0	1.96	1.4	1	-1	0	0	-6.2	238.70	
109	63900.60	8.177	1.35	1.85	18.32	-11.212	-0.509	0	0	1.23	1.21	0.4	-1	0	0	-5.3	156.60	
110	64993.20	30.368	1.7	5	135.12	-11.096	1.098	0	0	1.56	4.29	1.35	-1	0	0	-15.56	20.40	
111	66020.70	19.442	2.3	3.85	72.84	-13.095	1.089	0	0	2.13	3	1.2	-1	0	0	-7.31	433.50	
112	66092.55	25.226	1.7	6.95	153.02	-11.926	-1.303	0	0	1.38	7.05	1.2	-1	0	0	-14.61	505.35	
113	66095.50	12.97	0.65	1.65	18.2	-24.53	-1.303	0	0	0.43	1.37	0.2	-1	0	0	-24.24	508.30	
114	67590.35	19.495	1.15	4.05	65.8	-12.658	1.464	0	0	0.95	3.04	0.65	-1	0	0	-16.41	159.95	
115	67953.45	23.825	1.8	3.45	77.77	-12.551	1.098	0	0	1.6	3.06	1.25	-1	0	0	-11.88	523.05	
116	68310.15	14.523	2.85	2.65	52.13	-11.006	-3.205	0	0	2.68	2.96	2.05	-1	0	0	-4.34	265.35	
117	69257.60	25.699	1.1	2.6	61.76	-14.425	-0.036	0	0	0.91	2.7	0.7	-1	0	0	-22.48	598.40	
118	70179.65	27.618	2.8	3.9	99.21	-9.694	-0.696	0	0	1.19	3.6	1.2	-1	0	0	-18.54	291.65	
119	70693.95	9.524	2.1	0.4	13.01	-10.426	0.402	0	0	2.01	0.48	0.4	-1	0	0	-3.78	191.55	
120	70856.70	15.077	1.65	0.9	23.75	-12.461	-1.16	0	0	1.51	0.83	0.4	-1	0	0	-7.99	354.30	
121	71234.75	13.166	2.1	3.45	45.78	-8.676	-0.045	0	0	1.95	2.55	0.3	-1	0	0	-5.4	117.95	
122	71790.45	7.962	1.7	1.15	14.89	-12.372	0.187	0	0	1.6	1.18	0.85	-1	0	0	-3.97	59.25	
123	72818.60	68.751	2.95	6.65	429.14	-10.408	1.767	0	0	1.72	6.78	2.1	-1	0	0	-31.89	473.00	
124	73896.25	12.658	1.35	0.75	14.96	-13.916	-0.205	0	0	1.26	0.54	0.2	-1	0	0	-8.03	321.85	
125	74576.10	15.496	1.65	2.6	39.22	-13.122	-0.545	0	0	1.43	1.65	1	-1	0	0	-8.69	387.30	
126	74940.25	22.468	2.1	1.9	52.24	-13.184	1.053	0	0	1.47	1.76	0.85	-1	0	0	-12.2	137.05	
127	75115.60	7.891	1.5	0.9	12.12	-12.916	0.045	0	0	1.42	0.73	0.15	-1	0	0	-4.44	312.40	
128	76307.75	13.782	1.35	2.4	33.01	-13.184	0.598	0	0	1.24	2.12	0.9	-1	0	0	-8.93	275.75	
129	76451.10	36.982	2.1	4.2	139.64	-12.711	-1.339	0	0	1.58	4.14	1.1	-1	0	0	-18.72	419.10	
130	76582.70	37.544	2.05	4.5	165.3	-12.363	-1.741	0	0	1.62	4.82	1.25	-1	0	0	-18.51	550.70	
131	76678.20	24.235	1.7	2.15	54.93	-12.247	-0.071	0	0	1.28	2.69	1.1	-1	0	0	-15.12	31.80	
132	76705.15	12.47	1.6	1.55	23.48	-13.64	0.357	0	0	1.26	1.76	0.7	-1	0	0	-7.91	58.75	
133	76796.90	13.291	2.95	1	28.84	-11.337	1.357	0	0	2.84	0.53	0.45	-1	0	0	-3.75	150.50	
134	77580.40	18.995	2.45	9	159.65	-11.765	-3.972	0	0	2.29	2.04	1.35	-1	0	0	-6.64	319.60	
135	77705.80	8.427	0.85	2.25	17.59	-11.033	3.142	0	0	0.7	2.38	0.45	-1	0	0	-9.65	445.00	
136	77758.95	10.096	2.2	0.5	17.05	-11.56	3.169	0	0	2.07	1.37	0.95	-1	0	0	-3.9	498.15	
137	77621.05	9.391	0.95	1.65	16.91	-11.435	0.937	0	0	0.54	2.08	0.55	-1	0	0	-13.93	360.25	
138	77583.80	18.379	1.6	5.3	86.34	-14.791	-3.972	0	0	1.49	4.46	0.85	-1	0	0	-9.86	323.00	
139	78121.60	24.217	1.75	1.65	47.37	-12.417	2.267	0	0	1.61	1.89	0.55	-1	0	0	-12.03	246.40	
140	78133.10	13.595	1.2	1.95	27	-10.006	2.267	0	0	1.11	1.54	0.55	-1	0	0	-9.83	257.90	
141	77902.40	9.533	0.5	1.6	12.04	-12.452	1.348	0	0	0.41	0.21	0.15	-1	0	0	-18.83	27.20	
142	78302.20	17.281	2.2	1.8	41.63	-11.703	0.589	0	0	1.89	2.08	0.95	-1	0	0	-7.32	427.00	
143	78314.70	13.416	3.3	0.45	33.87	-9.774	0.589	0	0	3.19	2.84	2.7	-1	0	0	-3.36	439.50	
144	78390.20	7.355	1.05	1.65	11.02	-13.479	-2.026	0	0	0.84	0.51	0.1	-1	0	0	-7	515.00	
145	78535.25	14.389	1.95	2.2	32.54	-13.604	1.83	0	0	1.51	0.88	0.7	-1	0	0	-7.6	45.65	
146	78619.20	17.389	2.55	1.85	47.72	-14.211	-0.839	0	0	2.2	3.37	1.6	-1	0	0	-6.33	129.60	
147	78626.95	10.765	1.4	0.65	14.05	-15.693	-0.839	0	0	1.32	0.26	0.15	-1	0	0	-6.53	137.35	
148	78649.10	20.674	2.9	3.75	84.58	-9.828	-0.839	0	0	2.51	4.9	1.8	-1	0	0	-6.59	159.50	
149	78976.90	10.783	1.65	1.75	19.38	-14.309	0.902	0	0	1.55	0.66	0.1	-1	0	0	-5.55	487.30	
150	79016.75	11.97	2.2	0.75	20.98	-13.443	0.821	0	0	2.07	1.26	1.15	-1	0	0	-4.62	527.15	
151	79087.95	15.086	1.7	2.3	37.35	-13.782	0.536	0	0	1.21	2.64	0.9	-1	0	0	-10	598.35	
152	79116.70	16.407	1.3	4.3	55.59	-13.952	2.205	0	0	1.14	3.3	0.75	-1	0	0	-11.54	12.70	
153	79167.80	10.051	2.7	0.15	11.97	-13.943	1.125	0	0	1.85	0.2	0.15	-1	0	0	-4.36	63.80	
154	79778.10	17.54	2.3	3.7	62.12	-12.631	-1.446	0	0	2.04	2.73	1.55	-1	0	0	-6.89	59.70	
155	79950.75	11.988	1.1	1.75	19.71	-13.943	-0.848	0	0	0.97	0.99	0.15	-1	0	0	-9.88	232.35	
156	79978.90	11.524	1.5	3.2	32.37	-15.853	-2.428	0	0	1.18	0.78	0.2	-1	0	0	-7.8	260.50	
157	80753.00	23.467	2.8	4.35	113.23	-15.719	-1.446	0	0	2.63	5.35	2.3	-1	0	0	-7.14	420.20	
158	80811.00	54.165	1.8	4.55	222.75	-16.425	-1.437	0	0	1.57	4.72	1.3	-1	0	0	-27.59	478.20	
159	81196.30	15.05	4.75	2.35	54.84	-14.604	0.866	0	0	2.05	3.57	1.9	-1	0	0	-5.88	249.10	
160	81983.50	33.733	2.45	3.15	130.54	-16.746	1.276	0	0	1.55	4.3	1.8	-1	0	0	-17.41	421.90	
161	82671.20	21.2	2.05	2.45	60.82	-16.728	1.562	0	0	1.84	2.9	1.55	-1	0	0	-9.24	495.20	
162	82935.65	14.211	0.85	3.3	40.18	-17.21	0.946	0	0	0.66	3.56	0.4	-1	0	0	-17.18	145.25	
163	85314.75	30.778	1.7	4.95	135.85	-16.487	0.134	0	0	1.29	4.1	0.8	-1	0	0	-19.06	66.75	
164	85601.65	24.217	2.35	2.85	78.8	-14.613	-1.776	0	0	1.98	3.06	1.7	-1	0	0	-9.78	353.65	
165	86074.85	16.576	2.05	3.25	58.68	-16.094	-0.196	0	0	1.85	3.78	1.65	-1	0	0	-7.17	212.45	
166	85903.55	17.299	1.8	3.9	63.54	-15.309	1.285	0	0	1.6	3.48	1.2	-1	0	0	-8.67	41.15	
167	86454.55	14.166	1.55	2.9	34.76	-16.532	-0.268	0	0	1.14	2.42	0.75	-1	0	0	-9.93	592.15	
168	86707.05	22.414	2.2	2.85	67.17	-15.282	2.232	0	0	2.08	3.17	1.3	-1	0	0	-8.62	230.25	
169	87679.40	31.796	1.4	3.95	107.84	-16.916	-1.178	0	0	1.06	3.56	0.85	-1	0	0	-24.06	588.20	
170	87874.35	17.924	3	3.1	66.52	-15.88	2.357	0	0	2.86	3.82	1.6	-1	0	0	-5.02	168.75	
171	89679.90	46.203	1.9	3.35	154.77	-15.916	2.169	0	0	1.31	3.56	1.25	-1	0	0	-28.23	131.10	
172	89809.35	13.265	2.55	0.85	23.66	-15.443	-0.321	0	0	2.27	0.97	0.2	-1	0	0	-4.68	260.55	
173	89887.25	9.069	1.9	1.2	18.93	-17.165	-0.009	0	0	1.61	1.42	1.3	-1	0	0	-4.51	338.45	
174	91177.35	17.54	1.9	1.9	44.62	-16.996	0.509	0	0	1.76	3.02	1.45	-1	0	0	-7.97	399.75	
175	91873.40	24.164	1.7	4	83.49	-14.327	1.794	0	0	1.28	2.78	1.1	-1	0	0	-15.06	481.40	
176	92536.10	37.205	2.15	6.85	204.8	-14.854	1.642	0	0	1.26	6.06	1.05	-1	0	0	-23.65	529.70	
177	92576.50	14.282	1.65	2.2	27.8	-16.442	-2.839	0	0	1.44	0.5	0.15	-1	0	0	-7.95	570.10	
178	92626.30	11.372	1.95	1.4	25.52	-17.192	-1.517	0	0	1.72	1.86	0.55	-1	0	0	-5.28	5.50	
179	92701.25	10.006	1.75	1.1	17.87	-17.13	0.741	0	0	1.66	0.35	0.2	-1	0	0	-4.83	80.45	
180	92910.55	8.194	2.45	0.6	14.85	-18.504	0.893	0	0	2.36	0.73	0.2	-1	0	0	-2.78	289.75	
181	93116.55	16.817	2.95	1.9	50.01	-15.478	-2.178	0	0	2.54	2.89	2.2	-1	0	0	-5.29	495.75	
182	93552.85	12.792	2.3	4.1	49.8	-12.827	1.892	0	0	2.17	0.59	0.45	-1	0	0	-4.71	317.65	
183	93606.75	16.282	3.4	2.25	54.43	-11.926	0.812	0	0	3.3	3.1	1.55	-1	0	0	-3.94	371.55	
184	93594.30	18.701	2.1	2.85	57.5	-12.577	2.41	0	0	1.83	3.2	1.3	-1	0	0	-8.19	359.10	
185	93989.75	13.05	1.95	2	30.11	-15.068	-0.553	0	0	1.85	0.71	0.4	-1	0	0	-5.64	140.15	
186	94048.80	10.756	2.25	1.35	18.91	-16.407	-2.276	0	0	1.16	0.75	0.25	-1	0	0	-7.42	199.20	
187	94183.00	10.721	1.4	0.95	15.32	-14.693	-1.196	0	0	1.29	0.93	0.15	-1	0	0	-6.64	333.40	
188	94654.25	11.952	1.95	0.4	14.42	-15.523	1.098	0	0	1.83	1.19	0.95	-1	0	0	-5.22	190.25	
189	94740.35	12.095	1.6	3.3	32.88	-12.792	-2.91	0	0	1.06	1.47	0.65	-1	0	0	-9.12	276.35	
190	94790.55	11.453	1.35	3	25.86	-13.416	0.848	0	0	0.38	0.49	0.2	-1	0	0	-24.24	326.55	
191	94871.30	13.604	2.7	1.85	36.23	-13.595	-0.58	0	0	2.57	1.44	0.8	-1	0	0	-4.24	407.30	
192	94797.05	11.979	1.7	2.45	31.18	-13.934	0.848	0	0	1.39	2.84	0.5	-1	0	0	-6.89	333.05	
193	95033.85	14.059	2.05	1.55	29.6	-14.55	0.875	0	0	1.96	0.7	0.35	-1	0	0	-5.73	569.85	
194	95097.10	9.685	0.9	2.5	19.98	-14.916	1.259	0	0	0.82	0.67	0.35	-1	0	0	-9.44	18.70	
195	95799.95	14.157	0.75	2.25	27.16	-15.889	2.169	0	0	0.64	0.35	0.2	-1	0	0	-17.65	107.15	
196	95944.40	11.024	2.95	1.3	28.96	-16.523	-1.607	0	0	2.46	2.12	1.2	-1	0	0	-3.59	251.60	
197	96949.50	20.281	1.95	3.55	70.54	-13.907	0.295	0	0	1.82	2.52	1.4	-1	0	0	-8.93	27.90	
198	97305.80	13.952	0.95	2.05	25.4	-16.192	0.491	0	0	0.8	1.47	0.5	-1	0	0	-13.88	384.20	
199	97795.05	11.515	1.9	3.9	42.71	-13.425	2.151	0	0	1.77	2.81	1.4	-1	0	0	-5.2	259.05	
200	98102.90	23.753	2.9	2.45	88.63	-15.273	-0.83	0	0	2.59	4.16	2.3	-1	0	0	-7.34	566.90	
201	98207.10	13.149	2.8	0.9	27.63	-15.791	-2.615	0	0	2.52	1.18	1.05	-1	0	0	-4.18	56.70	
202	98222.60	20.54	5.7	3.65	89.8	-10.935	-2.615	0	0	2.77	3.17	1.15	-1	0	0	-5.94	72.20	
203	98882.00	9.56	1.65	1.15	16.35	-17.255	-1.268	0	0	1.46	0.89	0.65	-1	0	0	-5.23	117.20	
204	99429.15	27.841	1	3.25	75.41	-15.657	-1.616	0	0	0.77	2.64	0.7	-1	0	0	-28.8	49.95	
205	101282.80	36.313	1.1	4.05	125.17	-15.898	2.142	0	0	0.63	3.66	0.5	-1	0	0	-46.12	60.35	
206	101616.60	44.391	2.45	4.75	216	-16.978	-1.152	0	0	2.15	5.27	1.85	-1	0	0	-16.49	394.25	
207	102149.90	16.648	2.5	2.3	48.63	-15.568	-0.054	0	0	2.38	2.53	1	-1	0	0	-5.59	313.05	
208	102677.00	26.029	1.9	2.75	79.06	-16.219	0.884	0	0	1.66	3.04	1.4	-1	0	0	-12.55	225.85	
209	102719.30	19.915	1.35	2.8	55.01	-17.612	-1.116	0	0	1.2	2.43	0.3	-1	0	0	-13.27	268.05	
210	103594.70	25.753	2.95	4.85	127.93	-17.103	-2.526	0	0	2.61	5.31	2	-1	0	0	-7.89	529.10	
211	103717.10	12.14	2.05	1.8	27.61	-16.157	-2.758	0	0	1.91	0.89	0.2	-1	0	0	-5.09	37.10	
212	104035.30	20.915	2.15	4.85	83.87	-14.889	1.285	0	0	1.71	3.53	0.8	-1	0	0	-9.77	355.25	
213	104658.40	17.398	2	2.5	53.79	-15.943	-0.187	0	0	1.87	3.63	1.45	-1	0	0	-7.46	363.95	
214	105105.80	13.961	1.95	1.65	34.38	-16.309	0.268	0	0	1.8	2.84	1.8	-1	0	0	-6.22	197.00	
215	107029.90	40.187	1	3.3	116.89	-16.639	-0.509	0	0	0.78	2.79	0.7	-1	0	0	-41.08	277.85	
216	106823.30	10.105	1.3	0.35	12.9	-14.961	-0.295	0	0	1.22	1.52	1.25	-1	0	0	-6.62	71.25	
217	109369.60	11.774	1.25	2.85	31.56	-18.96	0.509	0	0	1.15	3.15	0.7	-1	0	0	-8.21	160.00	
218	110267.50	15.737	1.2	2.85	33.94	-19.629	-3.222	0	0	1.07	0.95	0.45	-1	0	0	-11.73	443.45	
219	110790.90	23.235	2.3	1.7	67.56	-19.754	-1.562	0	0	2.15	3.42	2.05	-1	0	0	-8.64	352.45	
220	110914.30	10.462	1.2	1.85	20.61	-20.004	-0.411	0	0	1.04	1.61	0.55	-1	0	0	-8.06	475.85	
221	111946.00	28.913	2.4	4.55	134.93	-19.995	-0.661	0	0	2.13	5.12	1.75	-1	0	0	-10.85	278.80	
222	111674.40	19.299	2	2.8	59.05	-18.629	-0.268	0	0	1.89	3.13	1.45	-1	0	0	-8.18	7.20	
223	112017.20	9.828	3.25	0.1	24.03	-18.281	-0.214	0	0	3.16	3.02	2.95	-1	0	0	-2.49	350.00	
224	113759.00	20.192	2.45	2.85	61.95	-19.138	0.428	0	0	2.09	2.23	1.7	-1	0	0	-7.74	248.60	
225	113772.50	13.889	2.6	0.55	26.39	-20.138	1.509	0	0	2.23	1.84	1.4	-1	0	0	-4.98	262.10	
226	114030.90	11.595	1.55	2.4	25.07	-19.665	-0.589	0	0	1.28	0.27	0.15	-1	0	0	-7.25	520.50	
227	114710.40	20.183	1.4	2.2	46.64	-20.656	-1.08	0	0	1.3	2.14	1.05	-1	0	0	-12.45	585.60	
228	115129.40	12.238	1.55	3.15	39.93	-22.084	0.705	0	0	1.43	2.33	1.5	-1	0	0	-6.84	390.20	
229	116457.90	17.746	1.35	2.45	36.79	-21.307	0.991	0	0	1.25	1.95	0.4	-1	0	0	-11.33	489.90	
230	117008.80	9.819	3.25	0.4	18.1	-20.986	-1.419	0	0	2.22	0.48	0.15	-1	0	0	-3.54	426.35	
231	118999.50	14.247	2	3.15	44.44	-18.656	-1.607	0	0	1.61	2.79	1.25	-1	0	0	-7.1	573.95	
232	118434.60	12.961	1.4	2.8	34.57	-18.058	-1.848	0	0	1.26	2.21	0.55	-1	0	0	-8.25	9.00	
233	119093.00	18.058	1.85	5.35	87.24	-17.942	-0.196	0	0	1.45	4.76	1.3	-1	0	0	-9.95	53.05	
234	119280.60	13.497	1.85	1.6	28.89	-19.46	-1.125	0	0	1.65	1.6	0.15	-1	0	0	-6.54	240.65	
235	119957.10	25.172	2.1	4.4	96.85	-18.558	-2.464	0	0	1.8	3.01	0.95	-1	0	0	-11.18	302.70	
236	120082.30	10.319	1.7	1.25	16.95	-18.79	-0.116	0	0	1.62	0.27	0.15	-1	0	0	-5.1	427.90	
237	120964.50	19.808	2.35	4	74.2	-18.067	3.374	0	0	1.53	3.56	0.95	-1	0	0	-10.37	81.30	
238	121190.00	11.747	1.8	1.35	27.12	-18.844	1.758	0	0	1.64	2.27	1.65	-1	0	0	-5.71	306.80	
239	121356.50	9.462	2.7	0.6	17.87	-20.575	-4.41	0	0	2.58	1.17	0.85	-1	0	0	-2.93	473.30	
240	122640.10	15.095	1.1	2.75	38.59	-21.763	3.954	0	0	0.9	3.17	0.55	-1	0	0	-13.4	528.15	
241	122753.10	14.166	0.95	7.35	107.7	-21.066	2.267	0	0	0.8	7.11	0.65	-1	0	0	-14.24	26.70	
242	122773.50	17.576	1.45	1.95	41.51	-25.244	0.045	0	0	1.33	2.69	1.25	-1	0	0	-10.59	47.15	
243	122756.10	16.764	1.15	2	35.68	-26.61	2.267	0	0	1	2.03	0.3	-1	0	0	-13.47	29.75	
244	123255.80	14.211	3.15	1.3	36.48	-20.727	-1.517	0	0	3.08	1.4	0.9	-1	0	0	-3.69	529.40	
245	126131.50	11.926	3.05	0.65	29.4	-24.539	2.107	0	0	2.93	0.9	0.35	-1	0	0	-3.26	333.10	
246	127373.10	30.198	2.05	3.7	114.66	-24.155	-1.919	0	0	1.78	4.12	1.55	-1	0	0	-13.55	345.90	
247	129063.60	28.529	1.85	3.85	106.32	-21.923	0.777	0	0	1.37	3.95	0.9	-1	0	0	-16.72	193.20	
248	129219.20	15.71	1.15	1.25	20.31	-23.316	0	0	0	0.65	1.54	0.35	-1	0	0	-19.25	348.80	
249	130601.50	39.124	2.7	4.6	196.59	-24.851	-0.946	0	0	2.5	5.91	1.9	-1	0	0	-12.5	502.25	
250	131640.10	10.14	1.5	0.75	13.84	-24.69	-2.071	0	0	1.37	0.81	0.45	-1	0	0	-5.93	312.10	
251	133148.50	42.266	2.25	4.6	193.98	-23.218	0.625	0	0	1.98	4.67	1.65	-1	0	0	-17.08	591.75	
252	134442.00	11.283	1.65	0.85	16.96	-24.182	1.134	0	0	1.47	1.46	1.35	-1	0	0	-6.16	41.95	
253	135448.80	14.978	3	2.5	52.3	-22.932	0.357	0	0	2.79	2.03	1.6	-1	0	0	-4.3	434.45	
254	139275.30	26.494	2.85	4.05	120.33	-22.2	1.66	0	0	2.68	4.15	2.1	-1	0	0	-7.92	574.50	
255	140101.00	31.055	2.2	5.4	148.91	-21.807	0.473	0	0	2.05	4.38	1.45	-1	0	0	-12.13	171.45	
256	140413.10	15.907	3.4	1.8	52.69	-21.664	0.821	0	0	2.77	4.2	2.55	-1	0	0	-4.59	483.50	
257	140594.80	15.719	3.5	2.7	65.33	-23.825	0.669	0	0	3.34	3.65	2.65	-1	0	0	-3.76	50.85	
258	140671.30	15.657	1.8	3.6	53.72	-23.45	-3.767	0	0	1.45	3.94	1.1	-1	0	0	-8.66	127.35	
259	141459.80	40.74	1.5	3.1	135.58	-22.155	-2.267	0	0	0.86	3.24	1.1	-1	0	0	-37.78	301.40	
260	142538.00	20.156	3.5	2.8	88.87	-25.77	-1.428	0	0	3.38	4.12	3	-1	0	0	-4.76	150.75	
261	142709.30	23.878	2.8	3.05	85.29	-22.004	-1.464	0	0	2.2	4.12	1.7	-1	0	0	-8.67	322.05	
262	143331.70	27.297	3.05	3.5	123.72	-23.039	2.874	0	0	2.58	4.5	2.35	-1	0	0	-8.47	330.05	
263	143837.80	44.177	1.85	4.2	180.06	-22.628	1.642	0	0	1.28	4.43	1.4	-1	0	0	-27.71	221.75	
264	143929.20	18.272	2.4	3.2	64.35	-23.833	0.678	0	0	1.87	3.25	1.45	-1	0	0	-7.8	313.15	
265	144482.80	15.612	3.15	0.9	32.61	-22.146	2.241	0	0	3.04	0.27	0.15	-1	0	0	-4.1	252.35	
266	144239.50	13.077	0.9	0.8	11.55	-22.441	0.393	0	0	0.67	0.51	0.35	-1	0	0	-15.64	9.10	
267	145260.50	14.309	2.1	3.15	45.27	-21.37	-0.295	0	0	2.02	1.92	1.05	-1	0	0	-5.67	415.65	
268	146291.30	28.538	2.3	3.8	121.81	-24.119	0.571	0	0	1.98	5.09	1.65	-1	0	0	-11.5	217.70	
269	146635.80	24.36	1.75	5.5	116.76	-21.941	1.553	0	0	1.49	4.62	0.95	-1	0	0	-13.07	562.15	
270	146663.50	11.89	2.6	0.55	24.85	-23.307	0.536	0	0	2.47	1.72	1.25	-1	0	0	-3.86	589.95	
271	146726.80	31.635	2.15	4.3	136.13	-23.941	-0.214	0	0	1.66	4.96	1.25	-1	0	0	-15.27	38.85	
272	146926.10	25.19	3.4	3.9	109.9	-19.094	2.99	0	0	2.62	4.37	2.05	-1	0	0	-7.69	238.10	
273	147117.30	10.381	2.1	0.2	12.69	-24.905	0.402	0	0	2.03	0.35	0.25	-1	0	0	-4.1	429.35	
274	147846.30	25.181	3.15	3.3	98.35	-21.763	2.624	0	0	2.47	4.15	2	-1	0	0	-8.16	543.90	
275	148282.40	74.785	1.65	4.95	321.14	-24.119	-1.866	0	0	1.2	4.63	1.05	-1	0	0	-49.75	365.60	
276	148457.90	29.377	2.35	3.8	118.24	-24.69	-3.169	0	0	2.2	4.06	1.45	-1	0	0	-10.7	541.10	
277	148555.50	37.25	1.1	4.55	149.89	-24.03	0.723	0	0	0.62	4.4	0.9	-1	0	0	-48.21	24.30	
278	148905.50	12.068	0.8	2.4	25.45	-25.172	0.259	0	0	0.75	0.83	0.45	-1	0	0	-12.87	374.35	
279	149204.50	26.208	1.25	4.75	109.44	-23.459	-1.08	0	0	1.17	4.17	0.8	-1	0	0	-17.93	58.85	
280	149498.50	17.71	2.6	4.95	83.3	-23.592	-0.527	0	0	2.17	5.79	1.5	-1	0	0	-6.54	352.85	
281	150278.80	32.046	2.35	4.05	128.14	-26.735	-1.419	0	0	1.95	3.76	1.45	-1	0	0	-13.16	518.85	
282	150581.00	13.506	1.2	3	38.62	-26.967	-0.464	0	0	1.06	2.99	0.8	-1	0	0	-10.17	206.60	
283	150816.90	14.389	1.65	3.2	44.57	-26.128	-2.428	0	0	1.29	2.54	0.6	-1	0	0	-8.95	442.50	
284	151928.80	23.334	1.25	2.65	63.98	-27.252	1.875	0	0	1.07	3.1	0.9	-1	0	0	-17.47	325.65	
285	153147.40	37.491	1.65	4.6	138.4	-27.279	1.875	0	0	1.1	4.36	0.85	-1	0	0	-27.23	315.40	
286	153760.10	25.976	2.75	4.15	119.63	-27.484	1.428	0	0	2.39	5.01	2.1	-1	0	0	-8.69	313.70	
287	154293.70	15.202	2.05	2.15	42	-25.869	-0.839	0	0	1.89	3.04	1.4	-1	0	0	-6.42	232.85	
288	154439.20	11.256	0.7	2.45	21.35	-26.529	1.446	0	0	0.62	0.26	0.15	-1	0	0	-14.64	378.35	
289	156199.70	28.297	2.25	4.05	115.41	-25.797	0.286	0	0	2.11	4.34	1.65	-1	0	0	-10.74	295.65	
290	156239.50	21.727	1.2	3.35	64.14	-27.966	-2.098	0	0	1	3.4	0.9	-1	0	0	-17.3	335.45	
291	156537.50	27.35	1.1	3.95	83.68	-27.645	-0.241	0	0	0.98	3.5	0.8	-1	0	0	-22.35	19.15	
292	157093.30	15.237	2.95	0.95	37.45	-28.065	3.214	0	0	2.55	2.72	1.9	-1	0	0	-4.77	574.85	
293	157786.80	35.75	2.05	3.9	145.79	-28.672	1.384	0	0	1.79	4.93	1.8	-1	0	0	-15.93	39.60	
294	158621.10	24.423	2.4	3.65	102.36	-27.556	-0.803	0	0	2.23	4.36	1.75	-1	0	0	-8.76	259.50	
295	159030.40	20.816	2.05	3.75	80.58	-27.208	-0.134	0	0	1.68	3.44	1.3	-1	0	0	-9.89	54.40	
296	159405.20	35.911	2.7	4.85	185.51	-24.36	2.223	0	0	1.31	5.34	2.1	-1	0	0	-21.94	429.20	
297	159610.30	22.611	1.2	4.5	88.4	-24.307	-3.178	0	0	0.99	4.35	0.9	-1	0	0	-18.22	19.90	
298	159822.30	24.324	3.25	2.4	88.05	-23.896	2.178	0	0	2.71	4.25	2.2	-1	0	0	-7.19	231.95	
299	159846.80	19.942	2.25	2.8	60.5	-24.887	1.285	0	0	2.12	3.35	1.35	-1	0	0	-7.52	256.40	
300	160472.20	34.108	1.45	3.1	106.2	-25.601	1.134	0	0	0.8	3.77	1.05	-1	0	0	-34.14	267.35	
301	161035.20	31.814	2.05	4.15	120.69	-25.967	1.321	0	0	1.87	4.16	1.5	-1	0	0	-13.62	216.00	
302	161269.00	42.115	0.9	5.75	178.23	-25.583	2.856	0	0	0.69	3.62	0.65	-1	0	0	-48.51	449.85	
303	161387.20	17.308	3.5	3	72.37	-23.003	0.714	0	0	2.86	3.3	2.6	-1	0	0	-4.84	567.95	
304	162429.50	23.28	3.1	2.65	96.8	-24.253	-3.651	0	0	2.64	4.73	2.4	-1	0	0	-7.07	381.45	
305	162331.30	24.869	3.1	4.4	118.83	-24.94	0.223	0	0	2.96	4.47	2.5	-1	0	0	-6.72	283.30	
306	162708.50	14.952	2.15	2.1	37.81	-24.476	-2.383	0	0	1.64	2.14	1.3	-1	0	0	-7.31	46.15	
307	163439.30	30.082	1.35	3.35	98.35	-24.681	-1.928	0	0	0.88	3.31	1.1	-1	0	0	-27.39	162.50	
308	164247.30	24.86	1.95	4.1	97.21	-24.717	0.187	0	0	1.53	4.38	1.25	-1	0	0	-13.02	356.10	
309	164607.90	41.811	2.75	5.3	219.38	-24.958	-0.321	0	0	1.67	5.44	1.95	-1	0	0	-20.03	102.30	
310	164671.70	9.944	1.6	1.3	16.09	-25.181	0.794	0	0	1.42	0.74	0.3	-1	0	0	-5.59	166.05	
311	165153.00	26.36	1.65	2.65	76.77	-26.601	-0.58	0	0	1.31	3.02	1.35	-1	0	0	-16.05	33.00	
312	165202.00	42.231	1.05	4.85	166.38	-26.297	-2.41	0	0	0.86	3.91	0.65	-1	0	0	-39.29	82.05	
313	168021.50	10.747	4	0.7	33.37	-25.538	-3.597	0	0	3.86	0.82	0.2	-1	0	0	-2.23	443.90	
314	168069.70	34.018	3.2	4.7	161.12	-23.994	-0.83	0	0	1.73	5.3	1.5	-1	0	0	-15.77	492.05	
315	168192.80	23.102	2.85	4.9	118.15	-26.538	-2.937	0	0	2.7	4.39	1.95	-1	0	0	-6.85	128.75	
316	168200.50	16.398	2.85	4.1	78.24	-31.242	-2.937	0	0	2.74	4.82	0.9	-1	0	0	-4.79	136.55	
317	168615.00	12.952	2.9	1.9	35.45	-28.35	-2.562	0	0	2.79	1.29	0.15	-1	0	0	-3.72	551.00	
318	168695.70	56.7	1.7	4.45	219.12	-24.494	-1.562	0	0	0.73	4.04	0.95	-1	0	0	-62.53	17.25	
319	168763.60	8.962	1.45	0.9	12.72	-28.859	2.053	0	0	1.29	1.53	0.95	-1	0	0	-5.57	85.20	
320	168862.80	11.212	2	0.35	12.08	-27.636	-1.758	0	0	1.37	0.47	0.2	-1	0	0	-6.55	184.40	
321	169226.90	8.56	1	1.7	13.13	-28.805	0.187	0	0	0.85	0.48	0.15	-1	0	0	-8.08	548.50	
322	169456.30	27.663	1.6	4.75	116.96	-27.306	0.303	0	0	1.26	4.76	0.85	-1	0	0	-17.56	163.45	
323	169471.30	30.296	2.65	3.2	120.88	-30.252	-1.196	0	0	2.47	4.83	2	-1	0	0	-9.81	178.50	
324	169385.00	13.845	1.2	1.9	24.16	-27.511	-0.946	0	0	1.08	0.55	0.4	-1	0	0	-10.28	92.20	
325	169309.50	12.747	1.7	3.3	39.28	-26.029	-0.455	0	0	1.32	2.15	0.85	-1	0	0	-7.72	16.65	
326	169622.30	10.712	1.5	0.9	14.56	-28.77	-2.615	0	0	1.43	0.55	0.15	-1	0	0	-5.99	329.45	
327	169666.00	12.452	2.25	2.1	33.41	-26.029	-1.027	0	0	2.11	1.96	0.95	-1	0	0	-4.71	373.15	
328	170064.50	11.033	1.5	0.6	11.5	-28.386	-1.669	0	0	1.15	1.11	0.6	-1	0	0	-7.67	157.25	
329	170237.50	12.765	2.6	1.8	27.03	-27.966	0.571	0	0	1.49	1.36	0.2	-1	0	0	-6.84	330.30	
330	170953.10	19.531	3	4.5	75.07	-27.654	-0.652	0	0	1.33	3.8	0.85	-1	0	0	-11.76	431.50	
331	170986.50	13.479	1.35	2.3	29.23	-26.904	-1.526	0	0	1.19	2.02	0.4	-1	0	0	-9.04	464.90	
332	171457.20	36.902	3.05	4.95	176.09	-24.833	2.874	0	0	1.82	4.45	1.55	-1	0	0	-16.21	321.20	
333	172001.20	30.225	2.75	3.35	125.31	-30.073	-2.562	0	0	2.54	4.81	2.3	-1	0	0	-9.51	250.75	
334	172435.00	17.746	2.05	0.95	31.95	-26.315	-2.821	0	0	1.42	1.75	0.9	-1	0	0	-10	70.25	
335	173183.50	30.689	2.85	3.4	129.12	-26.601	-0.009	0	0	2.41	4.57	2.25	-1	0	0	-10.19	204.25	
336	174496.70	16.844	3.7	0.7	39.8	-24.69	2.821	0	0	2.58	2.57	2	-1	0	0	-5.22	288.70	
337	174552.10	12.497	1.9	1.95	24.17	-26.976	-0.375	0	0	0.94	0.46	0.35	-1	0	0	-10.59	344.10	
338	174616.80	39.83	1.65	5.1	185.41	-27.127	0.08	0	0	1.35	5.32	0.95	-1	0	0	-23.53	408.80	
339	174847.10	16.309	1.7	4.05	64.23	-27.708	0.509	0	0	1.31	4.3	1.1	-1	0	0	-9.93	24.70	
340	175606.50	37.116	2.5	4.65	180.38	-28.868	-0.107	0	0	2.28	4.95	2	-1	0	0	-13	169.75	
341	175784.60	22.7	2.2	5.2	108.1	-26.083	1.268	0	0	2.07	4.16	1.55	-1	0	0	-8.78	347.80	
342	176583.00	8.953	2.25	0.85	14.12	-27.511	-3.579	0	0	1.41	0.26	0.15	-1	0	0	-5.07	531.75	
343	177431.50	51.38	2.6	4.25	235.15	-25.03	1.027	0	0	1.73	5.1	1.95	-1	0	0	-23.82	151.55	
344	177567.30	27.708	2.85	3.75	120.98	-26.404	-0.598	0	0	2.42	4.84	2.1	-1	0	0	-9.15	287.25	
345	177588.30	22.646	2.3	3.3	68.44	-28.832	-0.25	0	0	1.79	2.72	1.45	-1	0	0	-10.12	308.35	
346	177774.40	36.687	1.75	3.6	135.08	-25.315	0.107	0	0	1.39	3.94	1.25	-1	0	0	-21.06	494.40	
347	178615.20	9.319	3.3	0.2	21.63	-27.386	-0.232	0	0	2.94	0.24	0.15	-1	0	0	-2.53	106.35	
348	178728.20	28.216	2.15	4.45	130.84	-29.055	1.053	0	0	1.8	5.09	1.8	-1	0	0	-12.57	219.35	
349	178719.30	9.042	2.75	0.6	15.12	-27.806	-1.035	0	0	2.43	0.27	0.15	-1	0	0	-2.97	210.55	
350	179070.50	17.701	1.7	2.3	44.46	-28.957	-1.634	0	0	1.53	2.61	1.35	-1	0	0	-9.26	561.65	
351	179319.60	38.776	1.25	3.5	128.47	-27.931	0.116	0	0	0.96	3.53	1	-1	0	0	-32.37	196.40	
352	179889.50	13.952	2.1	1.5	25.22	-30.314	-1.678	0	0	1.76	0.83	0.65	-1	0	0	-6.34	151.90	
353	179913.70	34.001	2.4	4.55	156.19	-27.181	-0.857	0	0	2.21	5.06	2	-1	0	0	-12.31	176.10	
354	180062.30	41.061	2.4	3.75	165.94	-28.484	-0.759	0	0	1.21	4.46	1.7	-1	0	0	-27.06	324.75	
355	180215.00	10.131	0.65	2.9	22.41	-29.627	1.33	0	0	0.5	0.58	0.2	-1	0	0	-16.09	477.45	
356	182431.30	25.958	1.4	2.8	75.52	-28.466	1.892	0	0	0.56	2.92	1.15	-1	0	0	-37.08	236.05	
357	182510.80	106.349	1.95	4.6	494.32	-29.261	0.714	0	0	0.98	5.6	1.45	-1	0	0	-87.19	315.65	
358	182588.80	23.119	2.45	3.65	97.03	-29.207	-1.018	0	0	2.32	4.16	2	-1	0	0	-7.98	393.55	
359	182957.60	22.459	1.9	3.4	81.48	-27.475	-1.58	0	0	1.59	4	1.55	-1	0	0	-11.27	148.00	
360	183070.20	36.964	2.2	4.45	162.5	-29.448	1.491	0	0	1.88	4.56	1.6	-1	0	0	-15.7	260.55	
361	183088.30	13.577	2.05	1.85	35.79	-28.636	1.491	0	0	1.96	1.93	1.8	-1	0	0	-5.54	278.75	
362	183568.80	16.773	1.55	1.9	35.38	-30.493	1.205	0	0	1.41	2.12	1.35	-1	0	0	-9.54	144.80	
363	183815.00	12.274	3.6	1.35	33.59	-28.172	-1.419	0	0	3.2	0.62	0.45	-1	0	0	-3.07	391.00	
364	184458.70	42.008	1.55	3.95	159.49	-29.582	2.946	0	0	1.32	4.35	1.1	-1	0	0	-25.51	420.25	
365	185003.30	19.451	1.65	3.45	63.45	-28.707	-1.125	0	0	1.29	2.82	0.7	-1	0	0	-12.02	350.45	
366	185557.00	19.692	2.4	4	79.14	-29.189	1.892	0	0	2.07	2.77	1.55	-1	0	0	-7.62	289.75	
367	185636.00	26.449	1.2	3.35	78.54	-30.903	-0.661	0	0	1.05	3.08	0.85	-1	0	0	-20.09	368.80	
368	186120.00	64.895	1.35	4.6	256.17	-28.564	-0.027	0	0	0.81	4.56	1.05	-1	0	0	-64.4	238.45	
369	186789.20	11.622	1.95	0.8	18.61	-29.698	0.5	0	0	1.58	0.87	0.45	-1	0	0	-5.89	293.20	
370	187742.10	44.427	1.65	4.1	166.38	-28.243	0.277	0	0	1.07	3.96	1.1	-1	0	0	-33.23	17.30	
371	188135.70	44.534	1.15	4.2	161.69	-28.181	-0.143	0	0	0.95	3.64	0.85	-1	0	0	-37.31	410.90	
372	188324.00	15.05	1.6	2.15	32.56	-29.555	2.365	0	0	1.07	2.09	0.9	-1	0	0	-11.3	599.20	
373	188578.30	20.825	2.5	3	78.98	-29.296	0.732	0	0	2.29	4.34	2.1	-1	0	0	-7.29	239.10	
374	188633.20	28.77	1.35	3.1	85.25	-29.002	-1.25	0	0	1.08	3.38	1.05	-1	0	0	-21.25	293.95	
375	189334.40	25.458	1.85	4	98.82	-27.502	-1.607	0	0	1.7	4.39	1.4	-1	0	0	-11.96	380.80	
376	190891.00	36.205	1.45	3.85	132	-28.743	0.25	0	0	1.25	4.11	1	-1	0	0	-23.24	94.25	
377	191189.40	18.299	2.55	3.2	66.37	-29.421	0.402	0	0	2.2	4.17	1.7	-1	0	0	-6.66	392.60	
378	191448.50	37.134	2.2	4.8	177.27	-28.85	-0.696	0	0	1.96	5.13	1.7	-1	0	0	-15.18	37.25	
379	192075.80	40.437	2.35	3.9	165.64	-29.511	0.821	0	0	1.63	4.17	1.7	-1	0	0	-19.83	50.15	
380	192184.80	39.856	1.6	3.9	145.19	-29.377	0.777	0	0	1.23	3.63	1.05	-1	0	0	-25.88	159.20	
381	192267.80	34.161	2.2	4.3	141.97	-30.019	-0.518	0	0	1.98	4.41	1.45	-1	0	0	-13.77	242.15	
382	192293.50	24.182	2.5	3.1	86.63	-30.252	-1.651	0	0	2.29	4.25	1.9	-1	0	0	-8.46	267.85	
383	192415.30	20.316	2.65	4.2	95.11	-28.6	1.839	0	0	2.41	5.22	2.1	-1	0	0	-6.74	389.70	
384	192488.30	15.38	1.4	4.85	65.83	-28.395	0.42	0	0	1.06	4.14	0.7	-1	0	0	-11.6	462.70	
385	193567.00	16.219	2.05	1.75	35.15	-27.359	-1.107	0	0	1.31	2.38	1.25	-1	0	0	-9.89	312.60	
386	194590.20	14.193	2.45	1.5	28.15	-29.573	1.152	0	0	1.61	0.71	0.45	-1	0	0	-7.04	107.00	
387	194748.30	24.137	1.3	3.2	60.87	-30.189	-3.455	0	0	1.13	2.46	0.55	-1	0	0	-17.11	265.10	
388	194915.00	63.485	1.4	4.05	226.86	-28.663	-2.419	0	0	0.64	3.96	1.1	-1	0	0	-79.37	431.80	
389	195341.00	11.658	1.7	2.3	28.26	-28.609	-0.312	0	0	1.61	2	0.9	-1	0	0	-5.78	243.40	
390	195582.70	12.577	1.1	3	29.52	-29.314	2.553	0	0	0.97	0.86	0.45	-1	0	0	-10.34	485.10	
391	195988.00	14.541	1.7	2.9	41.63	-27.654	2.383	0	0	1.33	2.87	0.9	-1	0	0	-8.74	275.95	
392	196296.10	14.425	2.35	0.6	24.17	-29.466	1.705	0	0	2.23	2.09	1.7	-1	0	0	-5.18	584.10	
393	196338.50	32.028	4.3	2.4	146.89	-30.171	-1.196	0	0	3.95	5.31	3.5	-1	0	0	-6.48	12.15	
394	196530.50	44.096	2.45	5	210.87	-27.261	0.937	0	0	2.15	4.94	1.4	-1	0	0	-16.44	204.10	
395	198249.60	10.997	0.9	3.9	38.45	-28.734	0.482	0	0	0.54	2.31	0.6	-1	0	0	-16.21	80.00	
396	198326.20	14.229	1.9	1.45	24.83	-29.877	2.517	0	0	1.55	0.3	0.2	-1	0	0	-7.34	156.55	
397	198442.70	10.533	1.25	1	14.58	-34.402	0.937	0	0	1.1	1.2	0.3	-1	0	0	-7.64	273.05	
398	198475.50	30.537	0.9	2.7	71.84	-29.421	0.536	0	0	0.66	2.83	0.6	-1	0	0	-36.86	305.95	
399	198750.30	61.449	2.15	4.1	254.59	-28.386	0.411	0	0	1.27	4.37	1.6	-1	0	0	-38.75	580.70	
400	198937.90	19.772	2	3.9	73.18	-29.948	-1.803	0	0	1.82	3.51	1.25	-1	0	0	-8.69	153.90	
401	198980.50	9.917	1.7	0.4	11.49	-29.305	0.428	0	0	1.63	0.22	0.1	-1	0	0	-4.86	196.55	
402	200188.20	24.771	2.55	7.15	148.13	-25.19	-1.053	0	0	1.82	5.12	0.9	-1	0	0	-10.86	175.35	
403	200301.10	21.852	2.4	4.25	94.12	-27.877	-1.169	0	0	2.19	3.8	1.65	-1	0	0	-8	288.30	
404	200711.40	38.107	2.05	4.7	178.49	-27.591	-1.455	0	0	1.58	4.67	1.85	-1	0	0	-19.25	84.20	
405	201000.80	12.622	2.45	0.95	29.56	-29.207	-2.499	0	0	2.35	1.76	1.2	-1	0	0	-4.29	373.65	
406	201133.70	19.37	1.85	3.2	56.88	-26.217	-0.902	0	0	1.69	2.42	0.75	-1	0	0	-9.18	506.45	
407	201140.20	19.058	3.2	3.2	73.82	-28.359	-0.902	0	0	3.1	2.35	0.2	-1	0	0	-4.91	512.95	
408	202091.20	11.97	3.15	0.9	28.74	-27.324	-0.062	0	0	2.66	1.15	0.6	-1	0	0	-3.59	235.20	
409	203119.50	22.753	1.4	3	64.15	-30.591	-0.303	0	0	1.18	3.35	0.95	-1	0	0	-15.38	34.70	
410	203599.70	35.268	1.35	4.55	133.18	-28.547	1.223	0	0	0.84	4.06	0.75	-1	0	0	-33.46	514.90	
411	203705.90	23.976	1.4	3.35	73.41	-27.841	-1.089	0	0	1.24	3.57	1.15	-1	0	0	-15.42	6.70	
412	204318.70	18.906	2.1	2.85	64.41	-28.315	-0.339	0	0	2	3.59	1.6	-1	0	0	-7.58	5.10	
413	204816.80	14.613	2.35	0.5	26.38	-30.43	1.696	0	0	2.21	2.18	1.8	-1	0	0	-5.29	503.15	
414	205965.00	45.873	4.55	4.7	262.25	-30.144	-0.455	0	0	4.15	4.83	2	-1	0	0	-8.84	422.65	
415	207429.90	9.498	1.1	1.35	13.92	-29.698	-3.776	0	0	0.78	0.96	0.55	-1	0	0	-9.74	44.30	
416	207484.20	53.112	1.85	4.35	229.24	-28.457	3.089	0	0	1.54	4.77	1.4	-1	0	0	-27.61	98.55	
417	207695.50	15.505	1.25	1.75	28.29	-28.332	0.411	0	0	1.13	1.43	1	-1	0	0	-10.98	309.85	
418	207730.30	18.067	2.45	2.4	52.49	-28.859	0.839	0	0	2.08	1.97	1.8	-1	0	0	-6.95	344.75	
419	207988.70	25.895	2.75	4.55	120.26	-28.011	1.018	0	0	2.18	4.74	1.9	-1	0	0	-9.49	603.05	
420	208146.70	39.892	1.45	3.9	142.71	-27.342	1.473	0	0	0.95	4.16	1.15	-1	0	0	-33.51	146.70	
421	208316.70	49.149	1.4	3.9	174.53	-29.073	-0.777	0	0	1.15	4.27	1.05	-1	0	0	-34.28	316.70	
422	209627.50	13.202	2.35	2.6	35.7	-30.475	0.696	0	0	1.62	1.23	1.1	-1	0	0	-6.54	398.70	
423	210079.30	8.926	1.7	0.7	11.37	-30.118	-1.294	0	0	1.59	0.61	0.5	-1	0	0	-4.49	236.10	
424	210121.90	12.943	2.45	1.4	27.46	-31.466	-1.982	0	0	2.24	0.66	0.4	-1	0	0	-4.62	278.70	
425	210269.70	9.158	2.25	0.65	14.36	-29.814	0.062	0	0	2.15	0.6	0.45	-1	0	0	-3.41	426.50	
426	210933.70	44.257	1.4	3.2	138.25	-28.439	0.83	0	0	1.15	3.61	0.95	-1	0	0	-30.86	476.10	
427	211248.30	34.849	1.9	5.05	160.93	-31.439	-3.133	0	0	1.7	5.33	1.1	-1	0	0	-16.37	176.35	
428	211559.70	17.987	3.05	2.15	62.47	-29.475	0.491	0	0	2.9	3.61	2.45	-1	0	0	-4.97	487.70	
429	211675.10	19.852	0.85	3.9	53.76	-28.707	-1.517	0	0	0.71	2.12	0.5	-1	0	0	-22.46	603.10	
430	212496.50	16.478	1.55	5.85	80.35	-31.269	-3.41	0	0	1.14	5.31	0.9	-1	0	0	-11.59	195.70	
431	212702.30	29.948	2.85	4.8	145.62	-30.618	-0.428	0	0	2.49	4.67	1.8	-1	0	0	-9.62	401.45	
432	212865.20	13.372	1.6	0.75	16.31	-31.769	-1.285	0	0	1.5	0.78	0.6	-1	0	0	-7.14	564.40	
433	213886.00	19.147	3.35	2.4	63.89	-29.546	-0.616	0	0	2.52	2.58	1.05	-1	0	0	-6.09	356.35	
434	215134.80	10.783	2.3	0.6	15.73	-29.662	0.786	0	0	2.2	0.94	0.4	-1	0	0	-3.92	376.45	
435	216811.80	9.319	2.3	1.35	21.51	-29.475	1.214	0	0	2.12	0.99	0.85	-1	0	0	-3.51	210.25	
436	217192.80	28.02	3.35	4.7	127.62	-27.931	-0.562	0	0	2.21	5.17	0.9	-1	0	0	-10.14	591.20	
437	217573.40	19.335	2.35	2.45	61.4	-28.082	0.366	0	0	2.18	2.51	1.9	-1	0	0	-7.09	357.40	
438	217875.20	21.941	1.8	6.05	103.53	-28.109	3.437	0	0	1.63	3.43	0.8	-1	0	0	-10.74	44.75	
439	217990.20	16.773	2	1.4	31.28	-26.476	0.17	0	0	1.34	1.97	0.9	-1	0	0	-10.05	159.80	
440	218166.80	52.559	2.8	3.6	217.24	-26.056	-0.268	0	0	2.27	4.43	1.9	-1	0	0	-18.49	336.45	
441	218509.00	30.644	2.25	4.35	125.9	-28.386	-1.83	0	0	1.8	4.17	1.45	-1	0	0	-13.64	64.20	
442	218983.60	19.87	3.05	3.95	80.2	-28.386	-0.455	0	0	2.67	3.24	2.05	-1	0	0	-5.94	538.80	
443	219575.30	27.359	2.9	3.8	124.12	-28.288	0.777	0	0	2.54	5.48	2.25	-1	0	0	-8.62	516.15	
444	219751.50	28.654	2.05	4.2	117.89	-29.314	0.5	0	0	1.72	4.67	1.05	-1	0	0	-13.34	77.95	
445	220105.30	12.97	3.15	1.75	32.68	-28.689	1.33	0	0	2.28	1.46	0.8	-1	0	0	-4.55	431.65	
446	220163.60	40.785	2.5	5	199.22	-28.538	2.365	0	0	1.77	5.13	1.75	-1	0	0	-18.47	490.00	
447	220855.70	15.496	2.65	3.55	60.49	-27.877	-1.705	0	0	2.18	3.89	0.45	-1	0	0	-5.69	567.65	
448	220970.00	19.879	1.35	2.2	37.76	-29.716	0.705	0	0	1.03	1.6	0.65	-1	0	0	-15.4	67.55	
449	221145.60	14.023	3.8	1.25	37.68	-29.93	-0.786	0	0	2.76	2.26	2.2	-1	0	0	-4.06	243.20	
450	221759.10	8.971	0.6	3.65	29.86	-29.52	-0.339	0	0	0.53	2.39	0.1	-1	0	0	-13.61	242.30	
451	221953.80	14.327	2.85	2.45	41.42	-28.6	1.393	0	0	2.08	3.31	1.45	-1	0	0	-5.5	437.05	
452	221978.30	28.502	2.7	3.65	120.5	-30.68	1.205	0	0	2.47	4.45	1.65	-1	0	0	-9.23	461.45	
453	223129.00	16.433	2.65	2.2	49.16	-29.671	-0.009	0	0	2.55	3.16	1.55	-1	0	0	-5.16	383.45	
454	223151.20	16.675	1.65	2.2	40.8	-30.073	-1.91	0	0	1.25	1.52	1.2	-1	0	0	-10.64	405.55	
455	223373.20	34.697	1.6	5.15	154.19	-29.064	1.589	0	0	1.43	4.14	1.15	-1	0	0	-19.38	13.15	
456	223863.00	38.937	2.05	3.6	141.3	-30.466	-2.044	0	0	1.55	4	1.4	-1	0	0	-20.06	502.95	
457	224860.00	27.467	1.9	2.25	75.59	-29.662	1.642	0	0	1.69	2.83	1.45	-1	0	0	-13.01	271.25	
458	225459.50	38.883	2.05	3.85	145	-30.127	-1.991	0	0	1.7	4.43	1.2	-1	0	0	-18.29	256.30	
459	225513.90	19.227	3.1	3.1	72.29	-29.805	0.58	0	0	2.68	3.56	1.65	-1	0	0	-5.75	310.70	
460	226486.50	36.804	2.7	4.95	180.16	-30.394	0.571	0	0	1.54	5.08	1.45	-1	0	0	-19.17	54.55	
461	227044.50	17.112	2.4	4	72.69	-29.77	0.062	0	0	2.01	5.14	1.55	-1	0	0	-6.82	612.55	
462	227060.10	16.309	2.05	1.8	24.48	-31.26	1.883	0	0	0.68	1.51	0.15	-1	0	0	-19.09	13.70	
463	227268.00	12.899	1.95	1	24.96	-29.886	0.152	0	0	1.86	0.57	0.4	-1	0	0	-5.56	221.60	
464	227341.40	11.64	0.45	1.7	15.44	-30.109	2.116	0	0	0.33	0.71	0.35	-1	0	0	-28.48	295.00	
465	227802.50	27.984	1.5	3.6	99.06	-31.189	0.786	0	0	1.27	3.98	0.9	-1	0	0	-17.64	141.70	
466	228385.80	69.572	1.9	4.5	304.86	-29.171	-1.937	0	0	1.02	4.71	1.4	-1	0	0	-54.67	110.65	
467	228492.30	35.259	1.45	3.6	119.2	-28.859	-0.339	0	0	0.98	3.5	1.1	-1	0	0	-28.69	217.05	
468	229612.80	44.855	2.15	4.65	209.86	-28.636	0.973	0	0	1.98	4.99	1.75	-1	0	0	-18.16	108.80	
469	230165.50	34.251	1.8	5.3	154.75	-26.94	0.812	0	0	1.23	4.71	0.9	-1	0	0	-22.22	47.15	
470	232386.10	63.342	1.95	4.8	280.98	-29.448	-0.714	0	0	1.2	4.92	1.35	-1	0	0	-42.17	424.50	
471	232572.20	21.084	2	2.8	64.8	-30.957	-2.812	0	0	1.84	3.49	1.4	-1	0	0	-9.17	610.55	
472	232950.80	36.429	1.35	4.95	155.07	-31.599	-0.33	0	0	1.12	4.32	1.1	-1	0	0	-26.04	374.85	
473	233522.90	19.299	2.7	3.2	66.02	-27.109	-0.321	0	0	2.53	2.91	1.85	-1	0	0	-6.11	332.50	
474	234430.30	17.496	3.2	1.95	52.57	-25.226	2.026	0	0	3	2.76	1.85	-1	0	0	-4.66	11.05	
475	235217.10	35.295	1.15	3.6	117.52	-27.27	-0.491	0	0	0.69	4.01	0.7	-1	0	0	-40.91	183.50	
476	235989.20	20.79	2.1	2.5	53.41	-26.19	1.401	0	0	1.05	3.22	0.8	-1	0	0	-15.87	341.15	
477	236956.50	36.911	2	2.7	119.74	-29.832	-1.116	0	0	1.83	3.85	1.5	-1	0	0	-16.17	79.65	
478	238375.70	17.772	2	3.5	66.37	-28.118	-0.919	0	0	1.53	4.51	1.55	-1	0	0	-9.31	270.05	
479	238976.00	46.676	2.25	4.35	215.3	-29.805	0.33	0	0	2.07	5.31	1.65	-1	0	0	-18.01	256.05	
480	239472.20	26.743	2.2	2.4	83.58	-30.332	-1.821	0	0	1.96	3.2	1.9	-1	0	0	-10.93	137.75	
481	239735.00	15.943	1.45	1.65	32.65	-29.555	-1.464	0	0	1.32	1.7	1.35	-1	0	0	-9.69	400.55	
482	241062.20	14.871	1.65	4.9	65.9	-28.1	-0.678	0	0	1.52	5.21	1.1	-1	0	0	-7.8	499.00	
483	241682.80	65.957	1.95	5.45	335.5	-28.752	-0.812	0	0	1.64	5.03	1.4	-1	0	0	-32.09	505.25	
484	242126.00	29.618	1.45	2.85	82.35	-28.511	0.107	0	0	1.28	3.21	1.1	-1	0	0	-18.56	333.95	
485	245209.80	25.788	1.8	2.65	79.28	-29.252	2.58	0	0	1.67	3.04	1.45	-1	0	0	-12.36	345.80	
486	245453.90	16.63	1.2	2.2	33.28	-29.1	-2.455	0	0	1.08	2.02	0.8	-1	0	0	-12.36	589.90	
487	246420.00	24.485	1.65	2.6	71.45	-28.502	-0.339	0	0	1.51	3.72	1.25	-1	0	0	-12.97	327.15	
488	247002.20	15.086	1.75	2.8	49.61	-28.091	-2.937	0	0	1.62	3.35	1.65	-1	0	0	-7.44	295.00	
489	247995.30	26.333	1.1	3.2	66.08	-26.681	0.223	0	0	0.61	2.55	0.65	-1	0	0	-34.52	59.35	
490	248400.20	47.64	1.9	3.55	163.14	-27.654	1.232	0	0	1.43	3.73	1.15	-1	0	0	-26.58	464.20	
491	248911.80	30.287	2.4	3.35	109.72	-28.993	2.026	0	0	2.17	4.09	1.3	-1	0	0	-11.15	361.35	
492	249229.00	26.476	1.65	3.5	86.6	-28.359	0.768	0	0	1.32	3.31	1.2	-1	0	0	-16.1	64.20	
493	249535.20	51.666	2.95	4	229.58	-26.413	1.25	0	0	1.24	4.98	1.85	-1	0	0	-33.43	370.40	
494	249995.10	33.01	2.7	2.7	117.19	-33.456	0.054	0	0	2.52	3.99	2.2	-1	0	0	-10.48	215.90	
495	250319.80	21.95	1.45	3.2	67.26	-29.68	-0.473	0	0	1.34	3.61	1.05	-1	0	0	-13.08	540.55	
496	251787.20	12.792	4	1.5	46.04	-29.796	1.419	0	0	3.89	0.32	0.2	-1	0	0	-2.63	164.75	
497	252720.70	25.931	1.2	4.1	97.69	-28.591	2.508	0	0	1	3.9	0.9	-1	0	0	-20.68	483.85	
498	253005.00	13.55	1.2	2.4	26.07	-29.921	-1.812	0	0	0.94	0.53	0.4	-1	0	0	-11.59	153.75	
499	253337.30	17.647	1.7	1.6	39.2	-30.555	1.33	0	0	1.58	2.25	1.45	-1	0	0	-8.91	486.15	
500	253473.20	40.356	2.7	4.35	191.82	-28.939	-1.866	0	0	1.5	4.73	2.15	-1	0	0	-21.49	7.60	
