500	Time (ms)	Amplitude	Rise (ms)	Decay (ms)	Area	Baseline	Noise	Group	Channel	10-90Rise	HalfWidth	Rise50	Peak Dir	Burst#	BurstE#	10-90Slope	Rel Time	
1	500.70	26.165	2.4	5.35	129.92	-22.694	-5.761	0	0	1.95	4.86	1.4	-1	0	0	-10.75	500.70	
2	1115.10	19.262	4.05	3.7	98.54	-22.375	-4.447	0	0	3.94	2.09	0.5	-1	0	0	-3.91	500.70	
3	1223.95	22.933	2.85	2.35	85.23	-27.765	-1.089	0	0	2.5	4.28	2.4	-1	0	0	-7.33	609.55	
4	1484.90	26.935	2.3	4.25	117.96	-21.532	-1.639	0	0	2.13	4.53	1.75	-1	0	0	-10.13	256.10	
5	1565.15	14.284	2.9	1	29.01	-24.546	-3.458	0	0	2.31	0.61	0.4	-1	0	0	-4.95	336.35	
6	1855.60	21.001	1.3	3.15	66.53	-27.619	1.089	0	0	0.95	3.19	1.15	-1	0	0	-17.66	12.40	
7	2961.55	29.643	1.65	4.95	127.21	-18.426	3.671	0	0	1.47	4.36	1.2	-1	0	0	-16.09	503.95	
8	3381.80	17.371	2.2	2.4	43.56	-20.762	-0.179	0	0	1.46	1.51	0.45	-1	0	0	-9.49	309.80	
9	3549.55	15.18	2.65	0.65	30.74	-19.129	0.544	0	0	2.11	1.2	0.65	-1	0	0	-5.75	477.55	
10	3669.95	15.399	4.35	2.65	74.17	-20.822	-1.201	0	0	4.25	3.86	3.25	-1	0	0	-2.9	597.95	
11	3724.25	20.809	1.6	2.55	62.84	-19.787	-3.372	0	0	1.28	3.48	1.35	-1	0	0	-12.99	37.85	
12	3948.35	20.709	1.4	6	92.98	-19.541	0.644	0	0	0.9	3.14	0.15	-1	0	0	-18.34	261.95	
13	4661.85	24.798	3.3	2.55	87.29	-19.196	0.325	0	0	3.02	4.37	2.25	-1	0	0	-6.57	361.05	
14	5112.50	34.23	2.35	6.85	217.93	-17.928	0.166	0	0	1.74	6.44	1.75	-1	0	0	-15.71	197.30	
15	5448.50	12.718	4.4	0.35	41.63	-18.559	-0.996	0	0	4.14	1.22	0.95	-1	0	0	-2.46	533.30	
16	6554.05	19.833	2.35	2.95	65.82	-20.165	2.283	0	0	2.22	2.48	0.9	-1	0	0	-7.13	410.05	
17	6675.25	24.964	3.05	3.75	111.9	-18.685	-1.958	0	0	2.75	3.84	2.55	-1	0	0	-7.25	531.25	
18	6785.80	31.575	3.35	5.15	154	-17.603	-3.544	0	0	1.87	4.92	1.55	-1	0	0	-13.53	27.40	
19	7868.35	14.171	1.2	2.7	35.73	-26.491	-0.425	0	0	1.05	2.42	0.65	-1	0	0	-10.82	495.55	
20	8250.80	26.398	2.2	5.05	128.83	-18.745	-1.892	0	0	2.02	5.68	1.8	-1	0	0	-10.44	263.60	
21	8350.60	31.316	3.2	4.1	148.44	-20.55	2.854	0	0	2.97	5.32	2.35	-1	0	0	-8.44	363.40	
22	8852.20	21.612	2	3.25	77.49	-20.822	0.863	0	0	1.91	3.66	1.6	-1	0	0	-9.06	250.60	
23	9002.65	32.079	2.25	4.55	130.78	-21.499	0.299	0	0	1.07	4.87	0.95	-1	0	0	-24.03	401.05	
24	9391.10	31.953	3.05	5.55	166.87	-18.671	-2.94	0	0	2.21	5.49	1.9	-1	0	0	-11.54	175.10	
25	9501.70	14.45	0.65	1.7	20.4	-21.227	-0.644	0	0	0.32	1.78	0.15	-1	0	0	-35.84	285.70	
26	9553.05	12.884	2.4	2.15	34.74	-20.742	0.803	0	0	2.28	0.43	0.2	-1	0	0	-4.52	337.05	
27	9922.90	16.8	1.1	2.15	30.99	-19.256	-0.903	0	0	1	0.4	0.25	-1	0	0	-13.49	92.50	
28	10304.25	62.639	2.05	5.7	335.1	-22.236	0.903	0	0	1.22	5.79	1.6	-1	0	0	-41.17	473.85	
29	10440.50	29.338	1.9	6.15	170.68	-21.174	-0.027	0	0	0.92	5.95	1.4	-1	0	0	-25.41	610.10	
30	10508.90	14.881	2	2.1	37.19	-19.627	1.381	0	0	1.94	0.26	0.15	-1	0	0	-6.13	64.10	
31	11108.50	18.28	3.45	3.25	67.2	-18.001	-1.971	0	0	2.22	2.87	1.3	-1	0	0	-6.59	49.30	
32	11293.15	34.396	2.15	4.55	143.72	-20.723	1.314	0	0	2.01	3.85	1.55	-1	0	0	-13.68	233.95	
33	11445.45	16.156	1.4	1.8	30.99	-21.127	-0.319	0	0	1.09	1.58	0.4	-1	0	0	-11.81	386.25	
34	11690.20	16.966	3.4	1.4	54.71	-18.891	2.197	0	0	3.28	3.55	2.85	-1	0	0	-4.14	16.60	
35	12632.85	16.375	3.9	4.75	81.73	-21.247	4.826	0	0	3.78	0.98	0.75	-1	0	0	-3.47	344.85	
36	12743.30	20.649	3.85	5.75	106.42	-19.136	0.816	0	0	2.79	2.25	2.05	-1	0	0	-5.92	455.30	
37	12849.90	24.526	3.05	3.35	89.28	-21.771	-0.179	0	0	2.51	2.74	1.45	-1	0	0	-7.8	561.90	
38	13361.75	28.9	2.5	3.6	119.19	-21.811	-1.255	0	0	2.37	5.08	2.15	-1	0	0	-9.77	459.35	
39	13804.60	39.44	2.7	5.8	225.2	-19.123	-2.755	0	0	2.53	5.72	2.1	-1	0	0	-12.46	287.80	
40	14066.50	28.568	3.55	5.2	157	-21.459	-3.073	0	0	2.91	6.08	2.5	-1	0	0	-7.86	549.70	
41	13824.40	15.107	3.3	1.8	53.81	-25.044	-2.622	0	0	3.16	3.94	2.5	-1	0	0	-3.82	307.60	
42	14812.00	18.472	2	2.5	57.91	-22.9	0.763	0	0	1.83	3.55	1.4	-1	0	0	-8.09	66.40	
43	15057.20	16.786	1.05	2.85	47.43	-22.847	-0.272	0	0	0.91	2.99	0.4	-1	0	0	-14.69	311.60	
44	15073.00	23.583	2.2	3.3	87.2	-22.004	0.929	0	0	2.07	4.17	1.75	-1	0	0	-9.11	327.40	
45	15434.10	25.581	1.85	4.4	109.09	-23.006	-1.606	0	0	1.72	4.34	1.1	-1	0	0	-11.88	74.10	
46	15452.05	21.015	4.8	2.8	69.99	-21.937	-1.606	0	0	2.75	1.72	0.9	-1	0	0	-6.12	92.05	
47	16547.85	15.014	1.65	4.25	54.87	-22.694	-1.5	0	0	1.53	3.22	0.8	-1	0	0	-7.84	573.45	
48	17508.35	29.557	2.2	5.65	151.74	-25.09	-0.046	0	0	1.99	4.16	1.55	-1	0	0	-11.91	305.15	
49	17267.85	14.258	3.1	0.35	29.8	-29.537	-1.108	0	0	2.98	0.7	0.4	-1	0	0	-3.82	64.65	
50	17849.20	41.604	2.7	7.4	284.54	-26.67	0.524	0	0	2.12	7.08	1.5	-1	0	0	-15.67	31.60	
51	19098.65	26.205	3.35	2.8	103.49	-23.019	0.956	0	0	3.2	4.43	2.65	-1	0	0	-6.55	52.25	
52	20265.20	21.818	2.35	1.4	44.29	-27.738	0.113	0	0	2.23	0.58	0.4	-1	0	0	-7.83	604.40	
53	20305.50	18.771	1.05	4.3	58.68	-26.391	0.737	0	0	0.91	0.47	0.35	-1	0	0	-16.45	30.30	
54	20337.50	17.636	2.1	1.15	38.97	-24.851	0.093	0	0	1.81	2.41	1.35	-1	0	0	-7.8	62.30	
55	21295.85	21.638	3.85	3.45	106.64	-22.946	-1.925	0	0	3.76	4.63	2.55	-1	0	0	-4.61	406.25	
56	21891.90	29.736	2.45	4.65	147.13	-23.232	0.226	0	0	2.22	6.29	1.7	-1	0	0	-10.71	387.90	
57	22414.80	20.649	3.8	8.8	162.96	-28.834	0.743	0	0	3.68	5.09	2.55	-1	0	0	-4.49	296.40	
58	23426.75	26.637	2.65	5.3	123.66	-22.76	1.799	0	0	2.49	3.91	1.4	-1	0	0	-8.57	79.55	
59	23475.50	19.72	3.1	1.85	61.24	-26.862	-0.027	0	0	3.03	2.69	2.25	-1	0	0	-5.21	128.30	
60	23812.25	13.74	1.1	0.8	15.55	-31.157	-0.797	0	0	0.99	1.24	0.55	-1	0	0	-11.06	465.05	
61	24062.20	27.214	2.1	5.75	144.51	-32.464	-0.969	0	0	1.79	5.8	1.65	-1	0	0	-12.14	100.60	
62	24232.85	16.408	0.6	2.45	30.55	-30.4	0.65	0	0	0.45	0.37	0.25	-1	0	0	-29.16	271.25	
63	25168.90	27.015	1.55	6.15	138.09	-25.541	0.179	0	0	1.34	5.2	0.95	-1	0	0	-16.17	592.90	
64	26686.40	34.25	1.4	3.3	108.97	-28.581	1.513	0	0	1.26	2.31	1	-1	0	0	-21.74	267.20	
65	27307.55	14.669	1.35	3.7	43.08	-28.515	5.25	0	0	0.73	0.53	0.2	-1	0	0	-16.12	273.95	
66	27379.60	21.625	1.9	4.35	91.47	-26.597	-3.73	0	0	1.63	3.8	1.15	-1	0	0	-10.58	346.00	
67	27799.70	18.28	0.7	2.55	42.91	-28.767	-0.876	0	0	0.58	2.88	0.45	-1	0	0	-25.16	151.70	
68	27998.85	13.142	1.75	2.1	33.72	-26.099	4.812	0	0	1.64	1.47	0.35	-1	0	0	-6.41	350.85	
69	28986.05	26.663	1.05	4.3	99.35	-24.267	3.412	0	0	0.95	3.53	0.45	-1	0	0	-22.38	109.25	
70	30243.85	21.565	0.7	1.95	37.67	-24.187	-2.217	0	0	0.58	1.76	0.4	-1	0	0	-29.72	138.25	
71	30372.30	23.198	3.6	3.75	105.94	-31.827	1.932	0	0	3.45	3.6	2.85	-1	0	0	-5.38	266.70	
72	30641.45	15.247	1.35	3.6	44.49	-23.378	3.518	0	0	0.94	2.4	0.4	-1	0	0	-12.96	535.85	
73	30724.15	17.503	3.6	0.65	51.27	-30.101	1.427	0	0	3.47	0.73	0.2	-1	0	0	-4.04	4.15	
74	31170.00	17.55	3.7	3.25	71.31	-25.741	0.192	0	0	1.74	3.74	1.55	-1	0	0	-8.08	450.00	
75	31236.85	13.262	1.8	0.3	15.53	-27.692	0.524	0	0	1.67	0.47	0.25	-1	0	0	-6.37	516.85	
76	30841.95	14.125	1.25	3	37.97	-31.907	-0.836	0	0	1.13	1.03	0.65	-1	0	0	-10.03	121.95	
77	32939.30	21.506	2.5	4.3	92.38	-27.48	1.527	0	0	2.28	4.82	1.65	-1	0	0	-7.56	376.10	
78	35040.20	47.24	4.85	5.2	292.22	-30.048	-2.555	0	0	3.77	6.57	2.95	-1	0	0	-10.04	19.40	
79	35974.25	12.24	1.95	1.8	28.05	-33.254	-5.184	0	0	1.59	0.47	0.15	-1	0	0	-6.16	339.05	
80	35997.50	22.754	0.45	2.8	58.81	-31.907	0.285	0	0	0.32	3.04	0.35	-1	0	0	-56.51	362.30	
81	36302.40	28.913	2.7	4.9	141.19	-31.07	-3.837	0	0	1.83	5.1	1.55	-1	0	0	-12.62	52.80	
82	36317.30	17.702	2.4	1.95	49.72	-41.379	4.042	0	0	2.27	2.04	1.8	-1	0	0	-6.25	67.70	
83	36567.55	29.013	3	7.1	198.5	-34.522	1.328	0	0	2.27	6.55	1.2	-1	0	0	-10.24	317.95	
84	36662.75	22.063	2.7	2.8	74.77	-36.208	1.493	0	0	2.21	3.55	1.85	-1	0	0	-7.98	413.15	
85	36830.10	30.354	1.65	5.2	129.27	-34.27	-1.347	0	0	1.49	3.49	1.3	-1	0	0	-16.29	580.50	
86	37063.15	15.598	3.75	0.9	45.88	-35.06	-0.558	0	0	3.62	1.02	0.35	-1	0	0	-3.45	199.15	
87	37277.60	16.289	1.3	2.55	37.83	-33.055	2.164	0	0	1.17	1.59	0.45	-1	0	0	-11.15	413.60	
88	37291.40	20.596	4.05	2.7	84.4	-30.121	2.164	0	0	3.88	3.17	2.25	-1	0	0	-4.24	427.40	
89	37850.10	19.793	1.7	4.6	74.64	-36.241	3.83	0	0	1.59	2.97	0.9	-1	0	0	-9.99	371.70	
90	37903.85	23.763	2.3	2.7	71.17	-33.52	6.266	0	0	1.96	2.24	1.25	-1	0	0	-9.69	425.45	
91	37956.10	17.835	0.65	4.95	62.88	-33.493	0.485	0	0	0.54	0.5	0.35	-1	0	0	-26.34	477.70	
92	38229.25	14.483	3.6	0.2	33.13	-34.336	-0.146	0	0	3.54	0.47	0.35	-1	0	0	-3.28	136.45	
93	39076.55	20.829	1.9	1.55	41.38	-32.637	0.199	0	0	1.73	1.03	0.85	-1	0	0	-9.65	369.35	
94	39311.10	30.38	3.35	5.2	171.61	-30.931	-2.974	0	0	3.21	5.66	2.45	-1	0	0	-7.57	603.90	
95	39604.90	21.778	1.6	3.15	66.03	-36.805	0.279	0	0	1.27	3.08	0.8	-1	0	0	-13.74	283.30	
96	40126.75	28.382	2.15	2.45	80.28	-36.832	-2.602	0	0	1.77	3.2	1.55	-1	0	0	-12.8	190.75	
97	40439.00	8.131	1.55	2.6	25.76	-38.485	1.673	0	0	1.45	2.31	0.95	-1	0	0	-4.49	503.00	
98	40475.70	21.838	2	6.85	125.14	-30.732	-1.281	0	0	1.86	6.23	1	-1	0	0	-9.39	539.70	
99	40696.55	29.584	2.8	3.2	113.98	-35.637	-1.593	0	0	2.36	3.94	2	-1	0	0	-10.02	146.15	
100	41376.65	24.453	2.4	2.3	73.83	-34.442	-1.932	0	0	1.77	3.23	1.55	-1	0	0	-11.07	211.85	
101	41813.05	36.122	2.05	3.45	121.03	-38.04	-0.332	0	0	1.87	4.01	1.4	-1	0	0	-15.43	33.85	
102	42674.50	32.464	2.2	4.65	152.03	-30.513	2.549	0	0	2.04	5.68	1.7	-1	0	0	-12.71	280.90	
103	42784.30	22.116	4.05	2	86.33	-32.053	-1.985	0	0	3.39	3.58	3.15	-1	0	0	-5.22	390.70	
104	43853.60	16.926	2.25	4.05	69.69	-33.699	-1.201	0	0	2.15	2.08	1.4	-1	0	0	-6.3	231.20	
105	44044.95	31.09	2.4	6.95	177	-32.146	2.005	0	0	1.95	2.4	1.65	-1	0	0	-12.77	422.55	
106	44456.65	28.555	1.8	3.85	109.91	-29.876	1.102	0	0	1.66	4.56	1.35	-1	0	0	-13.8	219.85	
107	44580.60	13.454	1.15	0.4	11.74	-35.093	-1.142	0	0	1.04	0.46	0.15	-1	0	0	-10.34	343.80	
108	44702.35	36.958	2.55	6.6	216.08	-34.104	0.571	0	0	1.97	6.52	1.35	-1	0	0	-15.01	465.55	
109	45448.15	24.287	1.95	5.1	119.39	-32.471	0.405	0	0	1.83	5.44	1.4	-1	0	0	-10.63	596.95	
110	45709.25	20.696	2.45	3.9	84.15	-30.36	1.48	0	0	2.09	3.93	1.3	-1	0	0	-7.92	243.65	
111	45956.65	32.279	1.4	6.7	173.56	-30.075	2.721	0	0	1.16	4.62	0.8	-1	0	0	-22.26	491.05	
112	46093.25	14.151	1.85	1.7	31.93	-33.274	1.294	0	0	1.54	1.29	0.9	-1	0	0	-7.35	13.25	
113	46190.05	21.134	2.45	3.4	78.91	-33.002	-3.379	0	0	2.19	2.77	1.7	-1	0	0	-7.73	110.05	
114	46197.50	23.603	2.5	3.35	95.83	-34.482	-3.379	0	0	2.34	4.57	1.75	-1	0	0	-8.07	117.50	
115	46498.05	38.664	2.55	6.35	241.91	-31.608	2.23	0	0	2.16	7.54	1.9	-1	0	0	-14.35	418.05	
116	46624.35	16.992	2.25	2.45	48.69	-30.599	1.639	0	0	2.13	1.05	0.4	-1	0	0	-6.38	544.35	
117	46932.65	29.325	1.75	4.3	120.46	-30.659	-1.002	0	0	1.42	5.16	0.95	-1	0	0	-16.54	238.25	
118	47114.80	32.312	2.4	3.45	121.37	-32.006	-1.029	0	0	2.27	3.98	1.7	-1	0	0	-11.38	420.40	
119	47326.35	22.92	1.65	2.95	69.37	-33.646	-3.086	0	0	1.49	2.15	1.1	-1	0	0	-12.3	17.55	
120	47958.95	26.524	1.7	5.75	125.48	-29.146	-3.797	0	0	1.38	5.45	0.95	-1	0	0	-15.41	35.75	
121	48139.10	14.948	1.55	4.1	58.44	-31.913	-2.17	0	0	1.45	1.35	1.25	-1	0	0	-8.23	215.90	
122	48310.45	16.461	2.7	0.95	28.96	-30.194	-0.02	0	0	2.41	0.2	0.15	-1	0	0	-5.46	387.25	
123	49489.10	22.103	1.25	4.05	74.62	-30.672	-1.195	0	0	0.86	2.79	0.8	-1	0	0	-20.52	337.10	
124	49597.50	16.733	3.55	3	67.37	-31.894	1.533	0	0	2.88	3.2	1.4	-1	0	0	-4.64	445.50	
125	50482.70	32.026	2.4	5.55	164.21	-33.938	0.431	0	0	2.07	5.18	1.45	-1	0	0	-12.39	101.90	
126	51359.90	29.57	4.2	4.95	156.52	-32.298	-2.781	0	0	3.65	4.89	2.45	-1	0	0	-6.48	364.70	
127	51725.00	18.705	2.8	2.8	66.68	-31.23	-2.555	0	0	2.71	1.74	1.65	-1	0	0	-5.53	115.40	
128	51893.55	23.198	1.4	5.1	99.74	-30.885	-0.87	0	0	1.29	5.18	0.4	-1	0	0	-14.35	283.95	
129	52084.15	16.468	2	2.4	43.76	-35.982	-0.332	0	0	1.6	1.24	1.15	-1	0	0	-8.22	474.55	
130	52189.15	21.897	2.5	4.2	99.37	-37.482	1.407	0	0	2.29	3.12	1.9	-1	0	0	-7.65	579.55	
131	52335.80	23.49	1.75	6.6	125.85	-31.827	-0.624	0	0	1.56	5.07	0.85	-1	0	0	-12.03	111.80	
132	52444.65	59.393	1.55	4.05	225.97	-37.157	-1.719	0	0	1.35	4.31	1.3	-1	0	0	-35.19	220.65	
133	52583.15	23.955	2.6	2.75	85.94	-36.473	1.732	0	0	2.2	3.9	1.5	-1	0	0	-8.72	359.15	
134	52780.95	14.583	2.1	0.75	25.9	-38.71	-1.606	0	0	1.81	0.84	0.25	-1	0	0	-6.43	556.95	
135	52793.20	34.051	2.3	4.6	145	-33.195	-1.606	0	0	2.12	4.66	1.25	-1	0	0	-12.86	569.20	
136	53326.00	19.368	2.35	3.7	61.37	-28.88	-0.046	0	0	1.84	0.32	0.15	-1	0	0	-8.44	487.60	
137	53193.15	17.41	2.65	4.05	77.04	-27.778	1.573	0	0	1.85	3.73	1.4	-1	0	0	-7.53	354.75	
138	53535.25	15.598	1.1	1	19.12	-31.09	0.199	0	0	1.03	0.76	0.15	-1	0	0	-12.14	82.45	
139	54145.30	30.719	2.9	3.95	140.87	-33.088	0.717	0	0	2.77	4.42	2.5	-1	0	0	-8.88	78.10	
140	54303.45	23.776	2.2	4.8	104.06	-30.035	-1.301	0	0	2.02	3.54	0.9	-1	0	0	-9.4	236.25	
141	55177.35	19.641	1.85	15.95	381.42	-29.199	1.533	0	0	1.75	15.61	1.5	-1	0	0	-9	495.75	
142	55181.20	32.285	1.95	8.75	234.32	-34.044	1.533	0	0	1.77	4.84	1.2	-1	0	0	-14.58	499.60	
143	55187.00	16.733	2.1	1.65	42.32	-44.166	1.533	0	0	2.01	1.76	0.6	-1	0	0	-6.66	505.40	
144	55548.95	44.007	1.15	4.8	172.47	-33.201	-1.998	0	0	0.91	4.28	0.85	-1	0	0	-38.55	252.95	
145	55708.45	22.196	3	2.95	75.91	-29.185	-0.332	0	0	2.42	2.68	2.1	-1	0	0	-7.33	412.45	
146	55901.55	19.813	2.2	2.9	64.64	-33.068	2.794	0	0	1.88	3.62	1.6	-1	0	0	-8.44	605.55	
147	55963.90	25.714	3.2	3.9	117.29	-29.431	-1.029	0	0	2.98	5.29	2.2	-1	0	0	-6.91	53.50	
148	56120.05	19.753	2.6	2.9	64.3	-27.287	-2.569	0	0	2.18	3.11	1.3	-1	0	0	-7.26	209.65	
149	56908.40	22.886	3.8	5.45	133.25	-30.075	1.374	0	0	3.65	5.26	3	-1	0	0	-5.01	383.60	
150	57037.10	33.579	2.15	5.6	174.14	-28.973	-0.989	0	0	1.77	4.7	1.25	-1	0	0	-15.18	512.30	
151	57248.35	24.088	2.55	4.6	115.34	-29.909	-3.983	0	0	2.29	5.62	1.65	-1	0	0	-8.42	109.15	
152	57307.15	28.714	2.35	2.5	87.24	-33.268	-0.412	0	0	2.23	3.73	1.65	-1	0	0	-10.29	167.95	
153	57403.55	17.563	1.8	3.8	60.58	-30.38	0.166	0	0	1.7	4.06	0.95	-1	0	0	-8.26	264.35	
154	57584.70	17.769	2	3.75	64.73	-31.369	-1.686	0	0	1.61	3.17	0.8	-1	0	0	-8.84	445.50	
155	57617.75	16.727	3.35	2.95	59.22	-28.907	-1.958	0	0	2.79	1.95	1.5	-1	0	0	-4.8	478.55	
156	57675.55	15.744	4.8	0.95	53.01	-30.374	-0.305	0	0	3.59	1.09	0.25	-1	0	0	-3.51	536.35	
157	57879.60	17.689	3.65	3.4	75.38	-28.024	1.938	0	0	2.48	3.34	2.3	-1	0	0	-5.71	126.00	
158	57893.75	16.581	1.75	4.8	67.27	-27.871	1.938	0	0	1.3	1.4	0.8	-1	0	0	-10.17	140.15	
159	58023.40	22.627	2.65	2.95	81.92	-33.082	4.54	0	0	2.51	3.85	1.6	-1	0	0	-7.22	269.80	
160	58162.95	17.609	0.95	3.6	47.88	-29.258	-0.564	0	0	0.52	1.81	0.4	-1	0	0	-26.88	409.35	
161	58645.25	20.869	2	4.6	94.36	-28.196	1.819	0	0	1.78	4.22	1.75	-1	0	0	-9.37	277.25	
162	58761.75	24.433	2.4	3.05	81.94	-29.484	-3.206	0	0	2.3	3.77	1.8	-1	0	0	-8.49	393.75	
163	59302.05	16.309	2.75	1.15	40.93	-29.511	6.525	0	0	2.62	1.79	0.75	-1	0	0	-4.98	319.65	
164	59317.70	33.52	1.8	3.35	116.52	-31.661	-2.894	0	0	1.61	4.09	1.3	-1	0	0	-16.66	335.30	
165	59563.25	18.24	2.75	2.05	54.44	-30.606	-0.385	0	0	2.61	1.89	1.65	-1	0	0	-5.59	580.85	
166	59764.00	17.762	1.95	4.75	66.98	-27.314	-1.739	0	0	1.87	1.65	1	-1	0	0	-7.61	167.20	
167	59877.65	24.937	1.75	4.9	110.9	-37.555	0.246	0	0	1	5.05	0.75	-1	0	0	-19.94	280.85	
168	59886.85	18.3	4	1.1	61.58	-40.635	0.246	0	0	2.41	0.33	0.15	-1	0	0	-6.07	290.05	
169	60376.30	23.378	2.5	2.05	64.21	-28.86	0.863	0	0	2	2.15	1.1	-1	0	0	-9.33	165.10	
170	61110.30	17.835	2.65	3.7	68.27	-29.185	-2.974	0	0	2.24	2.77	1.15	-1	0	0	-6.36	284.70	
171	61222.65	21.486	2.9	3.45	82.68	-29.497	-4.494	0	0	2.44	1.95	0.25	-1	0	0	-7.03	397.05	
172	61311.50	21.161	3.7	2.5	80.93	-30.506	-2.529	0	0	3.33	3.75	1.85	-1	0	0	-5.08	485.90	
173	61388.90	20.583	2.05	1.75	44.77	-30.48	1.228	0	0	1.91	1.75	1.15	-1	0	0	-8.62	563.30	
174	62140.55	32.703	2.35	4.35	148.19	-32.073	-4.952	0	0	1.94	5.35	1.8	-1	0	0	-13.52	86.15	
175	62338.90	25.468	2	3.45	91.57	-30.719	2.144	0	0	1.89	4.98	1.85	-1	0	0	-10.78	284.50	
176	62354.00	27.891	5.15	4.8	177.16	-28.13	2.144	0	0	5.06	6.21	3.85	-1	0	0	-4.41	299.60	
177	62544.30	16.474	3.05	0.7	36.39	-30.267	1.712	0	0	2.74	1.93	1.3	-1	0	0	-4.81	489.90	
178	62657.65	22.574	2.4	3.6	69.8	-32.132	-0.385	0	0	2.09	0.82	0.65	-1	0	0	-8.63	603.25	
179	62757.30	20.769	3.45	4	94.49	-29.165	3.405	0	0	3.32	2.94	2.35	-1	0	0	-5	88.50	
180	63030.15	20.052	3.2	4.35	99.92	-29.989	-0.85	0	0	2.89	4.1	2.7	-1	0	0	-5.56	361.35	
181	63581.65	33.4	1.85	2.15	89.02	-36.035	0.889	0	0	1.73	2.98	1.45	-1	0	0	-15.47	298.45	
182	63761.70	26.73	3.25	2.8	91.88	-32.75	2.921	0	0	2.64	3.24	2.05	-1	0	0	-8.1	478.50	
183	64145.15	16.063	2.9	3.1	61.06	-31.236	5.861	0	0	2.74	1.17	0.2	-1	0	0	-4.68	247.55	
184	64356.05	51.713	2.3	4.65	225.95	-34.429	0.027	0	0	1.86	4.65	1	-1	0	0	-22.22	458.45	
185	64568.50	14.875	2.6	0.8	32.63	-29.497	2.854	0	0	2.51	1.66	0.95	-1	0	0	-4.75	56.50	
186	65055.50	21.061	3.55	3.4	94.19	-29.351	2.35	0	0	3.38	3.95	2.15	-1	0	0	-4.99	543.50	
187	65084.10	13.521	2.7	1.6	37.62	-34.29	0.378	0	0	2.58	2.13	1.1	-1	0	0	-4.19	572.10	
188	65142.85	44.916	1.35	4.2	172.53	-35.524	-0.431	0	0	1.15	4.3	0.85	-1	0	0	-31.32	16.45	
189	66105.75	12.286	0.75	7.05	77.25	-31.382	2.489	0	0	0.61	4.85	0.35	-1	0	0	-16.24	364.95	
190	66363.30	36.606	2.6	4.75	184.53	-36.347	2.482	0	0	2.37	5.52	2	-1	0	0	-12.34	8.10	
191	66713.30	15.306	2.25	4.8	66.17	-34.841	0.604	0	0	2.14	0.74	0.15	-1	0	0	-5.73	358.10	
192	66728.30	21.008	1.65	2	53.34	-31.821	0.604	0	0	1.56	2.9	1	-1	0	0	-10.77	373.10	
193	66820.15	11.961	2.1	0.5	19.92	-43.184	-0.863	0	0	2.02	0.55	0.15	-1	0	0	-4.74	464.95	
194	66922.10	16.959	2	3.4	58.83	-37.131	0.412	0	0	1.89	2.08	0.2	-1	0	0	-7.17	566.90	
195	67200.45	26.152	3.75	4.05	113.97	-31.708	0.763	0	0	2.88	3.41	2.2	-1	0	0	-7.27	230.85	
196	67277.95	29.491	2.55	4.8	150.79	-36.102	2.038	0	0	2.16	5.52	1.75	-1	0	0	-10.93	308.35	
197	67520.30	13.421	1.75	0.15	15.91	-36.122	1.573	0	0	1.6	1.27	1.2	-1	0	0	-6.73	550.70	
198	67562.15	15.273	1.85	1.3	28.56	-34.349	0.69	0	0	1.78	0.61	0.5	-1	0	0	-6.85	592.55	
199	67673.80	22.183	1.75	5.35	100.37	-32.491	2.283	0	0	1.64	5.9	0.9	-1	0	0	-10.81	89.80	
200	67725.65	18.652	2.2	5.05	84	-36.945	1.022	0	0	2.06	2.19	1.45	-1	0	0	-7.24	141.65	
201	67771.30	14.178	2.35	0.6	24.35	-35.153	1.155	0	0	2.25	0.66	0.15	-1	0	0	-5.04	187.30	
202	67825.95	14.058	1.25	3.65	40.65	-38.717	-1.447	0	0	1.09	1.48	0.4	-1	0	0	-10.35	241.95	
203	68083.25	10.813	2.1	0.25	12.65	-41.399	0.803	0	0	1.87	0.7	0.55	-1	0	0	-4.62	499.25	
204	68267.75	28.588	3	3.2	113.75	-38.75	0.425	0	0	2.87	4.1	2.5	-1	0	0	-7.97	69.35	
205	68294.10	16.136	2.6	1.1	33.56	-35.923	-3.783	0	0	2.08	2.34	1.4	-1	0	0	-6.2	95.70	
206	68531.85	36.54	4.45	6.55	228.13	-32.491	1.951	0	0	3.82	4.89	1.25	-1	0	0	-7.66	333.45	
207	69271.35	48.56	3.6	6.2	278.11	-29.046	5.801	0	0	3.41	5.55	1.4	-1	0	0	-11.39	458.55	
208	69900.20	16.023	3.1	1.8	45.59	-34.369	-0.445	0	0	2.96	1.95	1.5	-1	0	0	-4.33	473.00	
209	70513.05	17.417	1.4	1.2	24.44	-34.11	2.423	0	0	1.31	0.78	0.25	-1	0	0	-10.63	471.45	
210	70610.95	20.968	1.9	3.3	74.33	-34.144	-2.117	0	0	1.53	4.33	1.15	-1	0	0	-10.97	569.35	
211	70760.00	10.693	0.15	5.5	57.29	-31.96	1.268	0	0	0.11	5.24	0.1	-1	0	0	-75.64	104.00	
212	71381.70	22.807	2.9	2.65	77.88	-35.557	-1.673	0	0	2.65	3.45	1.85	-1	0	0	-6.87	111.30	
213	71479.40	14.928	2.2	3.15	49.02	-35.046	-2.27	0	0	2.02	3.2	1.25	-1	0	0	-5.91	209.00	
214	71539.85	23.358	1.9	4.4	93.94	-33.792	1.148	0	0	1.06	4.35	0.8	-1	0	0	-17.62	269.45	
215	72797.10	22.873	1.35	4.55	90.49	-35.04	1.712	0	0	1.23	3.71	0.95	-1	0	0	-14.85	297.90	
216	72876.40	11.981	0.6	1.3	15.3	-33.493	0.67	0	0	0.24	0.94	0.25	-1	0	0	-39.43	377.20	
217	73078.40	28.183	1.05	4.8	112.86	-33.838	-2.317	0	0	0.89	4.12	0.5	-1	0	0	-25.46	579.20	
218	73170.30	22.269	2.15	3.15	78.58	-30.486	-2.788	0	0	2.02	3.28	1.65	-1	0	0	-8.83	56.70	
219	73914.75	26.862	2.4	7.2	165.55	-31.409	-2.934	0	0	2.23	5.98	1.3	-1	0	0	-9.62	186.75	
220	74647.75	29.318	2.55	4.1	120.89	-34.29	1.918	0	0	1.87	3.75	1.35	-1	0	0	-12.57	305.35	
221	74750.65	18.718	3	3.5	72.91	-33.493	-3.133	0	0	2.88	2.48	0.45	-1	0	0	-5.19	408.25	
222	75191.70	23.066	4.55	3.1	103.98	-35.637	0.518	0	0	3.96	3.82	2.85	-1	0	0	-4.66	234.90	
223	75700.65	20.649	3	4.2	88.63	-34.655	-5.191	0	0	2.17	3.39	1.15	-1	0	0	-7.61	129.45	
224	76162.05	29.192	2.05	4.05	101.14	-35.996	0.843	0	0	1.67	2.85	1.15	-1	0	0	-13.99	590.85	
225	76368.80	24.194	2	4.6	102.56	-34.987	1.5	0	0	1.83	4.4	1.25	-1	0	0	-10.55	183.20	
226	76854.70	23.504	2.15	4.1	93.3	-35.073	-1.347	0	0	2.03	2.81	1.15	-1	0	0	-9.28	54.70	
227	77137.85	28.588	1.8	5.75	145.12	-33.905	-1.314	0	0	1.65	5.16	1.2	-1	0	0	-13.83	337.85	
228	77276.20	20.676	2.5	0.85	36.35	-33.891	3.498	0	0	2.41	0.34	0.2	-1	0	0	-6.86	476.20	
229	77289.25	13.826	1.25	3.35	40.5	-35.372	1.566	0	0	1.15	1.05	0.3	-1	0	0	-9.61	489.25	
230	77531.00	15.147	1.15	3.3	43.75	-35.511	2.25	0	0	1.03	1.35	0.2	-1	0	0	-11.72	116.60	
231	78308.05	22.335	2.2	3.3	77.81	-30.905	-3.02	0	0	1.98	2.78	0.85	-1	0	0	-9.01	279.25	
232	78395.50	21.094	2.8	1.65	52.9	-29.862	-0.624	0	0	2.72	2.4	1.55	-1	0	0	-6.21	366.70	
233	78546.05	18.871	3.7	2.55	66	-33.228	-0.863	0	0	2.89	0.78	0.2	-1	0	0	-5.22	517.25	
234	78676.70	17.191	1.3	3.95	57.26	-35.073	-1.407	0	0	1.18	2.12	0.75	-1	0	0	-11.61	33.50	
235	78760.40	27.148	1.65	5.8	128	-31.874	-0.292	0	0	1.46	4.01	0.2	-1	0	0	-14.84	117.20	
236	78808.95	30.911	3.75	5	165.57	-32.843	-0.81	0	0	3.15	4.98	2.1	-1	0	0	-7.84	165.75	
237	78952.95	26.185	2.2	6.4	151.5	-32.883	1.639	0	0	2.02	5.16	1.7	-1	0	0	-10.36	309.75	
238	79167.35	20.709	1.4	1.35	35.75	-32.232	-1.46	0	0	1.26	2.07	0.8	-1	0	0	-13.1	524.15	
239	79416.65	25.024	1.7	4.35	104.08	-33.984	-2.024	0	0	1.5	4.65	1.3	-1	0	0	-13.34	159.05	
240	79498.10	20.397	1.75	4.55	93.19	-38.617	-1.527	0	0	1.49	4.9	1.15	-1	0	0	-10.97	240.50	
241	79571.70	25.979	1.6	3.2	79.1	-33.719	2.071	0	0	1.49	3.43	1.35	-1	0	0	-13.99	314.10	
242	79764.90	23.955	2.9	3.65	87.89	-32.219	-1.122	0	0	2.59	3.99	0.45	-1	0	0	-7.4	507.30	
243	79811.85	12.797	1.4	2.8	34.04	-37.655	0.146	0	0	1.28	1.15	0.7	-1	0	0	-8	554.25	
244	79952.80	14.649	2.05	2.4	38.94	-37.867	-4.374	0	0	1.87	1.71	0.45	-1	0	0	-6.26	80.80	
245	80043.55	13.839	2.75	2.2	43.09	-34.223	-3.312	0	0	2.67	0.75	0.65	-1	0	0	-4.15	171.55	
246	80058.15	57.72	3.2	5.1	298.55	-36.852	0.518	0	0	2.84	4.95	0.95	-1	0	0	-16.28	186.15	
247	80262.20	37.735	2.75	4.7	194.09	-35.577	-0.431	0	0	2.6	6.72	2.15	-1	0	0	-11.6	390.20	
248	80300.05	21.001	1.2	2.7	51.72	-37.801	-1.513	0	0	1.07	1.94	0.9	-1	0	0	-15.65	428.05	
249	80582.95	21.061	3	4.55	89.92	-34.821	-0.644	0	0	2.1	2.49	0.45	-1	0	0	-8.02	96.55	
250	80869.65	25.555	1.55	3.1	82.88	-35.398	3.345	0	0	1.25	3.72	1.2	-1	0	0	-16.36	383.25	
251	80876.75	20.53	1.85	2.3	52.8	-37.423	3.345	0	0	1.73	1.45	0.15	-1	0	0	-9.51	390.35	
252	80913.90	15.008	1.8	3.35	54.44	-35.624	-2.244	0	0	1.62	1.34	1.1	-1	0	0	-7.4	427.50	
253	81008.90	21.26	2.65	4.6	103.09	-37.224	1.865	0	0	2.51	4.57	1.8	-1	0	0	-6.77	522.50	
254	81287.20	19.946	3.1	4.1	90.21	-35.405	1.022	0	0	3	4.61	1.85	-1	0	0	-5.32	186.40	
255	81855.85	29.325	2.65	2.25	89.7	-35.942	4.679	0	0	2.47	2.7	1.9	-1	0	0	-9.5	140.65	
256	82226.10	15.89	2.6	2.85	50.9	-35.259	-1.852	0	0	2.44	1.89	0.8	-1	0	0	-5.21	510.90	
257	82247.65	24.831	2.35	4.05	101.84	-36.055	0.046	0	0	2.2	2.67	1.6	-1	0	0	-9.04	532.45	
258	82640.55	18.784	0.8	2.4	36.26	-36.825	0.883	0	0	0.14	1.96	0.1	-1	0	0	-105.28	310.95	
259	82433.15	17.065	2.3	3.1	54.87	-36.188	2.794	0	0	2.18	2.4	1.75	-1	0	0	-6.26	103.55	
260	82864.80	24.446	2.5	4.35	109.46	-33.958	1.951	0	0	2.31	4.54	1.65	-1	0	0	-8.46	535.20	
261	82880.45	23.046	3.35	5.45	120.77	-29.942	1.951	0	0	3.27	4.72	0.9	-1	0	0	-5.63	550.85	
262	82897.05	50.412	2.9	9.25	397.83	-30.493	1.951	0	0	2.68	9.63	1.2	-1	0	0	-15.07	567.45	
263	82932.60	16.07	1.5	2.85	49.34	-42.865	-3.505	0	0	1.36	3.67	0.95	-1	0	0	-9.42	603.00	
264	83113.15	15.333	3.6	0.15	34.66	-37.94	1.965	0	0	3.47	1.5	1.4	-1	0	0	-3.54	169.15	
265	83163.45	18.592	4.05	2.75	76.96	-37.277	2.23	0	0	3.66	2.13	2	-1	0	0	-4.07	219.45	
266	83417.60	20.152	1.55	5.15	87.89	-35.757	2.655	0	0	1.41	2.23	0.55	-1	0	0	-11.41	473.60	
267	83488.55	13.016	2.15	1.65	32.94	-36.022	-3.75	0	0	2.01	1.72	1.65	-1	0	0	-5.19	544.55	
268	83571.40	19.003	1.3	5.45	78.9	-34.13	2.967	0	0	1.01	1.86	0.15	-1	0	0	-14.99	13.00	
269	83641.45	19.076	2.7	3.3	75.79	-34.084	0.445	0	0	2.5	5.3	2.15	-1	0	0	-6.09	83.05	
270	83759.10	28.986	2.15	4.4	125.41	-37.204	1.394	0	0	2	3.9	1.2	-1	0	0	-11.6	200.70	
271	83773.35	20.815	3.8	3.05	82.96	-34.661	1.394	0	0	3.73	4.23	1.65	-1	0	0	-4.47	214.95	
272	83840.90	24.685	3.05	3.55	104.39	-38.113	-0.299	0	0	2.6	4.51	2.15	-1	0	0	-7.58	282.50	
273	83944.60	13.023	2.15	0.65	21.07	-37.409	0.339	0	0	2.04	0.48	0.4	-1	0	0	-5.1	386.20	
274	84140.85	25.356	4.7	3.85	101.06	-46.901	2.038	0	0	1.28	3.25	0.9	-1	0	0	-15.88	582.45	
275	84560.30	15.32	1.8	1.45	30.44	-36.812	-0.365	0	0	1.68	1.71	0.35	-1	0	0	-7.31	387.50	
276	84649.20	22.793	2.4	2.9	69.73	-37.17	-0.524	0	0	2.28	2.01	1.45	-1	0	0	-8	476.40	
277	84692.05	32.418	2.55	4.95	149.42	-36.367	-3.033	0	0	2.15	4.72	1.45	-1	0	0	-12.07	519.25	
278	85275.15	13.096	2.85	2.25	35.52	-35.385	2.987	0	0	2.5	1.21	1	-1	0	0	-4.19	487.95	
279	85595.00	13.122	2.35	0.75	27.96	-34.469	4.387	0	0	2.25	0.83	0.15	-1	0	0	-4.67	193.40	
280	85621.70	26.484	4.2	2.1	106.86	-36.573	1.719	0	0	3.86	4.46	3.5	-1	0	0	-5.5	220.10	
281	85955.40	16.468	2.2	2.35	46.7	-39.275	-2.011	0	0	2.09	1.62	1	-1	0	0	-6.3	553.80	
282	86109.75	14.019	1.5	0.25	13.56	-36.693	1.566	0	0	1.4	0.33	0.2	-1	0	0	-8.03	93.75	
283	86296.85	29.73	2.8	4.85	128.74	-33.268	-0.166	0	0	2.16	3.56	0.85	-1	0	0	-11.02	280.85	
284	86592.65	24.891	3.45	2.15	83.77	-37.004	2.363	0	0	2.78	2.96	1.8	-1	0	0	-7.15	576.65	
285	86820.40	23.577	4.25	6.45	145.31	-36.281	-1.089	0	0	3.44	4.63	1.8	-1	0	0	-5.49	190.00	
286	86962.15	14.397	0.95	2.55	31.41	-36.825	1.885	0	0	0.84	0.28	0.15	-1	0	0	-13.63	331.75	
287	87009.85	21.353	1.95	3.85	84.31	-38.491	1.454	0	0	1.86	4.09	1.1	-1	0	0	-9.2	379.45	
288	87001.95	15.877	2	5.2	79.27	-35.816	-0.199	0	0	1.88	1.59	1.45	-1	0	0	-6.76	371.55	
289	87059.30	16.946	1.05	2.4	33.41	-37.954	-0.737	0	0	0.95	0.47	0.15	-1	0	0	-14.32	428.90	
290	87398.15	26.192	2.7	4.9	118.16	-33.128	0.232	0	0	1.81	4.02	1.55	-1	0	0	-11.59	153.35	
291	88142.05	12.738	2.45	1.35	31.07	-38.617	-2.808	0	0	2.31	2.3	2.2	-1	0	0	-4.41	282.85	
292	88191.50	38.12	1.6	4.6	156.92	-35.856	-1.932	0	0	1.37	4.67	1.3	-1	0	0	-22.22	332.30	
293	88744.65	19.999	2.45	2.25	55.39	-39.314	-0.285	0	0	2.33	1.95	0.6	-1	0	0	-6.87	271.05	
294	88636.00	17.437	2.55	1.75	50.12	-34.323	-1.228	0	0	2.43	2.65	2.25	-1	0	0	-5.74	162.40	
295	89429.95	32.982	2.1	5.6	168.09	-34.343	1.175	0	0	1.71	5.39	1.55	-1	0	0	-15.39	341.95	
296	89899.80	21.638	1.9	4.5	92.33	-37.157	3.073	0	0	1.76	3.66	1.45	-1	0	0	-9.86	197.40	
297	89973.10	16.461	2.4	2.25	48.72	-39.679	1.527	0	0	2.29	2.56	0.85	-1	0	0	-5.76	270.70	
298	90092.00	19.136	2.25	2.95	69.24	-39.64	1.932	0	0	2.11	3.39	1.5	-1	0	0	-7.27	389.60	
299	90532.05	26.968	1.85	5.1	115.23	-36.221	0.916	0	0	1.46	3.39	0.9	-1	0	0	-14.81	215.25	
300	90598.40	11.516	2.1	2.35	25.34	-42.368	-1.872	0	0	1.28	0.81	0.55	-1	0	0	-7.22	281.60	
301	90723.00	22.442	2.45	4.2	95.28	-40.668	1.188	0	0	2.21	4.47	1.3	-1	0	0	-8.14	406.20	
302	90988.30	29.55	2.95	5.05	154.54	-36.772	2.549	0	0	2.82	5.4	2	-1	0	0	-8.39	57.10	
303	91423.05	28.097	2.9	3.95	111.9	-37.038	5.35	0	0	2	3.92	1.5	-1	0	0	-11.23	491.85	
304	91770.25	16.986	3	2.25	49.82	-40.655	1.135	0	0	2.83	0.48	0.3	-1	0	0	-4.8	224.65	
305	91778.05	28.502	1.65	3.65	89.41	-39.706	1.135	0	0	1.28	3.75	0.4	-1	0	0	-17.84	232.45	
306	92132.85	26.052	3.65	5.15	146.63	-36.314	-0.65	0	0	3.51	5.3	2.25	-1	0	0	-5.93	587.25	
307	91959.15	17.059	1.85	2.35	39.61	-42.992	-4.679	0	0	1.57	1.48	0.9	-1	0	0	-8.69	413.55	
308	92359.60	23.437	3.2	3.45	87	-36.195	-1.142	0	0	2.81	2.69	1.65	-1	0	0	-6.66	199.60	
309	92463.40	38.982	1.4	4.7	146.02	-39.726	-4.148	0	0	0.9	3.68	0.8	-1	0	0	-34.57	303.40	
310	92225.90	10.567	2.3	1.85	25.85	-37.316	-2.582	0	0	2.2	0.24	0.15	-1	0	0	-3.85	65.90	
311	92864.60	27.453	2.25	4	109.54	-38.133	-0.04	0	0	2.09	5.09	1.65	-1	0	0	-10.48	90.20	
312	93083.30	21.851	3.9	3.95	118.8	-38.657	-3.319	0	0	3.5	6.57	3.3	-1	0	0	-4.99	308.90	
313	93107.95	20.47	2.95	2.3	69.97	-39.494	-0.073	0	0	2.86	3.22	2	-1	0	0	-5.73	333.55	
314	93385.05	16.919	0.95	2.55	39.74	-40.078	-1.168	0	0	0.86	2.75	0.6	-1	0	0	-15.67	610.65	
315	94063.50	19.116	1.5	4.25	62.29	-37.887	-0.75	0	0	0.9	1.12	0.15	-1	0	0	-16.92	60.30	
316	94822.05	17.729	1.15	3.25	43.63	-37.469	-2.907	0	0	1.03	0.81	0.45	-1	0	0	-13.73	204.45	
317	94620.55	20.032	2.85	2.2	50.98	-34.98	0.319	0	0	1.59	1.21	1.05	-1	0	0	-10.05	2.95	
318	95204.80	29.962	1.8	5.05	139.27	-36.168	0.511	0	0	1.62	5.16	1.45	-1	0	0	-14.83	587.20	
319	95541.40	24.665	1.1	2.8	59.92	-37.582	-4.215	0	0	0.98	1.85	0.85	-1	0	0	-20.11	309.40	
320	95618.90	17.656	2.8	1.8	44.06	-38.02	0.644	0	0	2.07	1.46	0.85	-1	0	0	-6.82	386.90	
321	96027.10	29.139	2.5	5.15	148.78	-36.334	-1.075	0	0	1.95	4.9	1.35	-1	0	0	-11.97	180.70	
322	96456.55	37.688	3	4.8	166.3	-37.642	-2.682	0	0	2.22	4.72	1.7	-1	0	0	-13.55	610.15	
323	96516.30	15.691	1.45	10.5	180.19	-35.942	-0.425	0	0	1.14	10.91	1.1	-1	0	0	-11.05	68.30	
324	96521.95	18.711	1.4	1.55	36.01	-43.509	-0.425	0	0	1.3	1.88	0.4	-1	0	0	-11.54	73.95	
325	96722.05	29.099	2.55	3.45	111.87	-36.175	1.195	0	0	2.43	4.09	1.95	-1	0	0	-9.57	274.05	
326	96792.15	15.837	2.4	2.25	47.28	-38.604	-0.69	0	0	2.3	2.21	1.85	-1	0	0	-5.5	344.15	
327	96886.15	15.12	4.8	0.9	54.52	-41.711	-0.896	0	0	4.44	3.14	2.35	-1	0	0	-2.73	438.15	
328	97317.25	26.391	3.8	4.75	123.29	-36.241	-2.675	0	0	3.16	2.4	1.4	-1	0	0	-6.69	254.85	
329	97463.00	19.262	1.65	5.95	90.59	-37.808	0.232	0	0	1.54	1.8	0.8	-1	0	0	-10.03	400.60	
330	97956.15	20.065	1.85	1.7	46.13	-43.264	4.261	0	0	1.71	2.33	1.25	-1	0	0	-9.38	279.35	
331	97992.35	25.103	1.75	7.25	135.92	-42.68	-0.591	0	0	1.43	2.28	1.2	-1	0	0	-14	315.55	
332	98197.55	22.687	2.35	4.6	97.04	-41.757	-1.859	0	0	1.77	3.14	0.4	-1	0	0	-10.27	520.75	
333	98269.70	24.758	3	5.15	127.82	-34.469	-3.359	0	0	2.84	4.73	1.75	-1	0	0	-6.97	592.90	
334	98476.55	14.523	2.6	2.55	42.77	-42.381	-1.945	0	0	2.04	0.55	0.45	-1	0	0	-5.71	185.35	
335	98652.25	27.181	3.1	3.15	101.55	-41.412	2.914	0	0	2.76	3.6	2	-1	0	0	-7.87	361.05	
336	98970.10	22.223	1.9	4.8	77.73	-36.865	0.285	0	0	1.6	1.13	0.5	-1	0	0	-11.09	64.50	
337	98997.30	18.34	3.65	0.95	48.66	-37.476	0.451	0	0	3.51	1.52	1.15	-1	0	0	-4.17	91.70	
338	99012.85	26.398	3.8	2.65	98.67	-37.814	3.923	0	0	3.45	4.03	2.55	-1	0	0	-6.12	107.25	
339	99058.95	14.662	2.45	1.25	31.74	-43.728	-1.235	0	0	2.34	0.48	0.15	-1	0	0	-5.01	153.35	
340	99377.20	15.539	2.75	1.85	40.18	-40.343	3.837	0	0	2.68	0.29	0.15	-1	0	0	-4.64	471.60	
341	99659.20	25.369	2	3.55	94.27	-39.879	-0.126	0	0	1.87	3.67	1.65	-1	0	0	-10.84	139.20	
342	99542.60	19.495	2.2	4.5	77.66	-35.796	-0.65	0	0	2.1	1.78	1.6	-1	0	0	-7.44	22.60	
343	99813.45	26.258	3.2	4.4	112.43	-38.246	2.19	0	0	3.04	2.8	2.1	-1	0	0	-6.9	293.45	
344	100708.50	28.389	3.25	3.3	132.63	-41.392	2.429	0	0	3.1	5.37	2.9	-1	0	0	-7.32	574.10	
345	100847.60	16.747	4.2	0.35	47	-42.095	2.443	0	0	4.13	0.36	0.15	-1	0	0	-3.24	98.80	
346	102804.40	22.077	2.2	2	55.06	-42.713	-1.779	0	0	1.82	2.53	1.05	-1	0	0	-9.69	212.35	
347	102823.60	20.218	1.95	2.2	46.56	-46.908	-2.741	0	0	1.86	1.01	0.15	-1	0	0	-8.71	231.60	
348	103052.30	23.988	1.5	3	76.65	-38.246	1.566	0	0	1.33	3.47	1.25	-1	0	0	-14.4	460.30	
349	104266.40	24.765	1.25	4.5	98.51	-42.553	-0.976	0	0	1.06	3.8	0.45	-1	0	0	-18.67	445.60	
350	104584.40	25.993	1.8	4.25	93.82	-44.054	1.493	0	0	1.41	2.92	0.95	-1	0	0	-14.74	149.20	
351	105302.30	18.917	3.2	5.25	100.79	-42.746	0.969	0	0	3.1	3.73	1.4	-1	0	0	-4.89	252.65	
352	105267.40	14.397	2.75	0.9	30.12	-39.825	1.958	0	0	2.59	0.81	0.65	-1	0	0	-4.45	217.75	
353	105320.50	20.789	2.05	1.5	47.48	-42.275	1.341	0	0	1.92	2.89	1.5	-1	0	0	-8.65	270.95	
354	105341.20	17.702	3.85	3.9	85.83	-41.903	1.394	0	0	3.74	3.28	2.5	-1	0	0	-3.78	291.60	
355	105369.50	15.041	3.05	1.65	45.04	-43.981	-2.343	0	0	2.68	0.97	0.2	-1	0	0	-4.49	319.95	
356	105483.50	23.006	1.8	3.8	87.31	-41.292	-1.248	0	0	1.67	4.08	1.25	-1	0	0	-11.03	433.95	
357	105533.20	16.74	3.5	1.95	49.1	-41.916	-0.962	0	0	2.97	2.22	1.6	-1	0	0	-4.51	483.60	
358	105675.50	16.355	2.8	2.55	55.57	-40.449	2.509	0	0	2.53	2.9	1.2	-1	0	0	-5.18	11.55	
359	105783.30	14.47	3.8	0.25	29.34	-38.69	-0.617	0	0	3.47	0.33	0.15	-1	0	0	-3.33	119.25	
360	105870.10	19.242	1.9	3.85	66.45	-38.305	1.759	0	0	1.61	3.06	1.45	-1	0	0	-9.59	206.10	
361	106006.30	17.536	2.2	3.1	52.52	-39.64	1.918	0	0	2	1.67	0.3	-1	0	0	-7.02	342.25	
362	106428.30	21.891	3.45	3.05	95.8	-38.08	1.115	0	0	3.32	4.64	2.7	-1	0	0	-5.27	149.90	
363	106552.90	18.439	2.25	2.35	47.02	-39.772	2.044	0	0	2.15	1.9	0.7	-1	0	0	-6.85	274.45	
364	106845.90	19.687	2.25	2.6	55.91	-37.828	0.816	0	0	2.05	1.59	0.9	-1	0	0	-7.67	567.45	
365	107106.90	25.913	3	3.2	99.03	-39.885	-1.872	0	0	2.74	3.98	1.7	-1	0	0	-7.55	214.05	
366	107174.50	21.917	1.65	4.6	88.93	-39.202	-0.06	0	0	1.55	0.89	0.7	-1	0	0	-11.32	281.65	
367	107462.40	14.835	3.7	2.85	56.77	-39.819	-0.657	0	0	3.61	0.99	0.1	-1	0	0	-3.29	569.60	
368	107519.90	21.526	3.5	2.1	82.29	-38.617	0.332	0	0	3.4	4.44	2.9	-1	0	0	-5.06	12.70	
369	107564.70	47.339	3.45	11.65	461.74	-37.648	-1.381	0	0	3	7.06	2.4	-1	0	0	-12.62	57.50	
370	107571.60	19.86	1.35	2.65	49.91	-55.437	-1.381	0	0	1.27	1.23	0.15	-1	0	0	-12.49	64.45	
371	107669.50	23.816	1.6	7.85	146.13	-40.383	0.199	0	0	1.3	3.78	0.9	-1	0	0	-14.64	162.35	
372	107674.80	11.822	0.55	1.75	17.54	-48.806	0.199	0	0	0.46	0.56	0.4	-1	0	0	-20.5	167.60	
373	107979.10	19.468	2.4	3.6	70.79	-38.312	1.646	0	0	2.27	2.48	1.1	-1	0	0	-6.85	471.95	
374	108163.60	31.728	2.55	4.15	136.74	-39.666	-0.883	0	0	2.35	3.94	1.85	-1	0	0	-10.8	42.05	
375	108813.40	16.986	2.2	5.1	81.5	-38.239	1.301	0	0	2.07	4.78	0.95	-1	0	0	-6.56	77.40	
376	108970.20	13.395	0.75	1	14.73	-38.876	-0.498	0	0	0.67	1.44	0.5	-1	0	0	-15.98	234.20	
377	109047.60	27.307	2.5	3.8	102.7	-38.412	-1.965	0	0	1.85	3.11	1.65	-1	0	0	-11.78	311.65	
378	109861.90	18.087	2.4	2.95	56.71	-37.389	1.387	0	0	2.29	1.61	1.25	-1	0	0	-6.33	511.50	
379	110421.60	25.276	3.45	4.15	117.67	-36.759	-3.312	0	0	2.89	3.24	2.2	-1	0	0	-6.99	456.80	
380	111008.60	14.609	1.95	3.05	43.84	-36.361	-0.518	0	0	1.01	2.15	0.7	-1	0	0	-11.55	429.45	
381	111161.10	14.908	2.15	1.45	29.69	-42.52	-2.091	0	0	1.98	0.97	0.7	-1	0	0	-6.03	581.95	
382	111172.10	19.753	3.5	0.65	48.84	-39.872	-2.091	0	0	3.37	2.11	1.9	-1	0	0	-4.69	592.90	
383	111233.10	24.679	3.75	1.8	87.91	-43.118	-2.94	0	0	3.65	4.08	3.15	-1	0	0	-5.4	39.50	
384	111313.30	14.569	3.75	6.55	86.22	-36.347	0.896	0	0	3.17	1.99	0.95	-1	0	0	-3.67	119.65	
385	111414.00	22.568	2.6	4.35	97.29	-39.673	0.83	0	0	2.35	4.68	1.85	-1	0	0	-7.67	220.40	
386	111462.60	16.322	2.2	1.7	40.7	-39.573	-2.204	0	0	2.12	1.23	0.15	-1	0	0	-6.17	269.05	
387	112286.80	18.791	3.2	2.45	71.16	-39.095	-1.898	0	0	3.1	2.02	1.65	-1	0	0	-4.85	478.75	
388	112539.60	15.937	1.25	2.4	34.58	-39.128	3.452	0	0	1.16	0.23	0.15	-1	0	0	-10.96	117.20	
389	112771.30	19.083	1.85	4.05	62.85	-42.016	0.425	0	0	1.75	1.33	0.15	-1	0	0	-8.72	348.90	
390	113055.30	22.096	2.05	3.9	77.92	-39.64	0.75	0	0	1.27	3.52	0.5	-1	0	0	-13.95	18.45	
391	113184.30	17.809	1.65	2.6	43.74	-41.803	-3.863	0	0	1.53	1.68	1.15	-1	0	0	-9.33	147.50	
392	113279.80	18.731	2.9	0.95	47.71	-41.505	-2.987	0	0	2.79	3.23	2.45	-1	0	0	-5.38	243.00	
393	113884.30	36.726	2.1	6	194.16	-44.558	3.724	0	0	1.9	5.85	1.45	-1	0	0	-15.48	233.10	
394	113870.70	17.649	3.55	2.65	66.42	-40.191	-2.575	0	0	3.46	3.93	1.95	-1	0	0	-4.08	219.50	
395	114346.50	14.463	1.1	1.7	22.06	-44.551	1.334	0	0	1.02	0.26	0.15	-1	0	0	-11.39	80.85	
396	114541.80	16.833	1.25	3.2	44.2	-39.48	-2.011	0	0	0.83	1.37	0.45	-1	0	0	-16.17	276.15	
397	115246.70	18.253	1.4	2.1	41.84	-43.888	3.126	0	0	1.32	2.91	1.15	-1	0	0	-11.07	366.70	
398	115720.80	14.981	2.5	1.45	40.65	-45.939	-0.863	0	0	2.36	2.84	2.3	-1	0	0	-5.09	226.35	
399	116166.40	36.5	3.5	4.95	195.58	-40.595	1.673	0	0	3.1	6.15	2.65	-1	0	0	-9.41	57.55	
400	116999.00	16.946	1.45	1.9	34.11	-39.626	2.204	0	0	1.34	1.67	0.55	-1	0	0	-10.12	275.80	
401	118485.30	19.435	3.65	2.85	81.16	-42.162	-0.836	0	0	3.28	4.37	2.6	-1	0	0	-4.75	533.25	
402	118610.50	22.893	4.05	7.2	167.38	-42.454	-3.266	0	0	3.22	7.74	2.25	-1	0	0	-5.69	44.10	
403	119699.50	16.202	2.5	3.2	50.34	-43.436	-3.598	0	0	2.4	0.69	0.15	-1	0	0	-5.4	518.75	
404	119742.80	28.88	2.95	3.55	124.3	-43.954	0.956	0	0	2.59	4.82	2.35	-1	0	0	-8.93	562.00	
405	120960.40	21.718	2.25	2.35	59.7	-45.793	-1.235	0	0	1.9	1.84	1.2	-1	0	0	-9.16	550.80	
406	121437.00	18.24	2.55	4.25	79.68	-44.578	-3.896	0	0	2.33	1.9	0.25	-1	0	0	-6.25	413.05	
407	121682.90	13.288	1.65	2.15	30.3	-43.576	1.281	0	0	1.52	0.28	0.15	-1	0	0	-7	44.50	
408	122486.60	15.784	1.65	1.75	34.38	-40.37	1.115	0	0	1.53	1.69	1	-1	0	0	-8.28	233.85	
409	123780.30	25.521	2.7	4.35	112.95	-42.6	-1.394	0	0	2.34	4.6	2.15	-1	0	0	-8.74	298.65	
410	124444.70	17.643	1.5	2.6	43.4	-43.523	1.401	0	0	1.15	2.36	0.45	-1	0	0	-12.25	348.70	
411	125357.10	32.73	2.25	4.8	160.26	-38.617	-0.159	0	0	2.11	4.82	1.7	-1	0	0	-12.39	32.35	
412	125675.00	20.636	1.6	1.7	41.52	-38.146	-1.414	0	0	1.52	1.53	0.85	-1	0	0	-10.9	350.20	
413	126388.10	15.512	3.25	1.7	49.45	-41.153	-0.173	0	0	3.12	1.23	0.2	-1	0	0	-3.98	448.90	
414	126725.20	15.306	1.75	2.25	39.89	-42.049	-0.272	0	0	1.63	2.79	1.1	-1	0	0	-7.51	171.60	
415	126888.20	33.301	1.45	5.45	151.24	-37.489	-0.491	0	0	1.23	4.72	1.1	-1	0	0	-21.69	334.60	
416	127517.10	15.804	2	5.05	69.29	-40.589	0.418	0	0	1.64	2.02	0.75	-1	0	0	-7.69	349.10	
417	127875.60	35.119	1.6	6	183.27	-40.848	0.956	0	0	1.29	6.16	1.15	-1	0	0	-21.72	93.20	
418	127798.70	17.536	0.8	3.3	44.81	-44.352	2.609	0	0	0.31	1.44	0.35	-1	0	0	-44.73	16.30	
419	128438.30	31.117	3.7	4.75	163.33	-43.596	-0.777	0	0	3.53	5.14	2.9	-1	0	0	-7.04	41.50	
420	128700.80	25.827	3.45	3	96.05	-41.007	3.544	0	0	2.34	3.43	1.7	-1	0	0	-8.83	304.00	
421	128781.90	11.483	0.65	3.35	33.95	-41.956	-4.002	0	0	0.59	1.17	0.45	-1	0	0	-15.63	385.10	
422	128990.20	19.382	1.55	3.05	55.92	-47.286	1.075	0	0	1.45	3.28	1.2	-1	0	0	-10.72	593.40	
423	129249.90	16.614	2.1	0.65	25.98	-45.892	0.737	0	0	2.01	1.6	1.05	-1	0	0	-6.61	238.65	
424	129408.60	14.775	2.8	1.2	37.83	-45.003	2.343	0	0	2.72	0.32	0.15	-1	0	0	-4.34	397.45	
425	129479.80	14.304	0.6	3.85	39.92	-44.312	2.476	0	0	0.33	1.23	0.3	-1	0	0	-34.64	468.55	
426	129835.90	27.499	1.9	6.1	150.98	-43.781	3.047	0	0	1.75	6.23	1.15	-1	0	0	-12.55	210.25	
427	129773.60	14.689	0.65	1.4	17.7	-44.18	-1.168	0	0	0.36	0.27	0.15	-1	0	0	-32.52	148.00	
428	130272.00	34.044	1.3	5.35	140.47	-44.173	-1.215	0	0	0.76	3.71	0.6	-1	0	0	-36	32.00	
429	130498.30	30.161	1.85	2.55	91.96	-46.383	1.374	0	0	1.64	3.59	1.45	-1	0	0	-14.74	258.25	
430	130917.10	27.088	2.1	3.7	108.9	-44.047	0.943	0	0	1.94	4.19	1.85	-1	0	0	-11.15	62.70	
431	131220.80	14.609	1.4	0.15	14.72	-44.359	-1.328	0	0	1.34	0.48	0.4	-1	0	0	-8.73	366.35	
432	131646.80	37.224	3.3	4.35	184.17	-41.505	-2.682	0	0	2.75	5.19	2.35	-1	0	0	-10.85	178.00	
433	131532.00	26.285	1.45	2.7	67.87	-42.149	1.613	0	0	1.27	2.78	1	-1	0	0	-16.6	63.15	
434	132189.70	33.613	0.9	2.95	82.55	-44.027	-1.666	0	0	0.71	2.61	0.55	-1	0	0	-37.99	106.45	
435	132298.60	17.517	3.95	2.1	64.2	-41.06	2.701	0	0	3.84	0.72	0.6	-1	0	0	-3.65	215.40	
436	132650.60	24.267	1.9	2.1	68.18	-43.987	-1.221	0	0	1.72	3.39	1.55	-1	0	0	-11.31	567.40	
437	133177.80	32.252	2	4.35	137.8	-44.259	1.606	0	0	1.79	4.89	1.4	-1	0	0	-14.4	480.15	
438	133234.70	13.049	1.3	4.05	47.5	-44.817	-1.268	0	0	1.14	1.35	0.25	-1	0	0	-9.16	537.05	
439	133689.70	23.676	4.55	2.95	112.26	-43.025	-2.343	0	0	3.72	5.36	3.35	-1	0	0	-5.09	377.70	
440	133774.80	18.758	1.9	4.7	86.54	-42.036	4.122	0	0	1.58	3.99	1.35	-1	0	0	-9.51	462.80	
441	133975.40	28.389	3.35	3.3	127	-47.021	-1.354	0	0	2.99	5.65	2.7	-1	0	0	-7.58	49.00	
442	134113.90	32.106	2.2	5.4	161.27	-45.633	-0.418	0	0	1.87	4.61	1.55	-1	0	0	-13.73	187.50	
443	134201.80	22.74	3.25	5	97.49	-42.394	-1.859	0	0	1.71	2.45	0.4	-1	0	0	-10.67	275.45	
444	134375.20	21.174	3.6	2.9	80.09	-43.436	-0.212	0	0	3.14	3.66	1.7	-1	0	0	-5.39	448.80	
445	134923.20	16.016	3.2	0.15	32.93	-46.967	0.996	0	0	3.04	0.5	0.4	-1	0	0	-4.22	382.40	
446	134940.50	32.358	3.65	5.7	183.75	-41.843	-0.491	0	0	3.23	6.17	2.6	-1	0	0	-8.03	399.70	
447	135084.80	28.283	2.55	10.3	258.05	-43.941	-0.412	0	0	2.42	6.48	2.15	-1	0	0	-9.34	544.05	
448	135091.00	16.932	1.65	1.65	36.2	-54.846	-0.412	0	0	1.57	1.27	0.45	-1	0	0	-8.61	550.15	
449	136515.80	19.734	1.2	4.35	74.08	-42.553	3.564	0	0	1.05	4.29	0.9	-1	0	0	-15.03	131.75	
450	136748.00	16.859	3.15	0.75	41.35	-48.275	0.876	0	0	2.73	2.2	1.55	-1	0	0	-4.94	364.05	
451	136806.10	21.34	2.9	5.15	113.28	-41.286	-2.104	0	0	2.78	4.65	1.8	-1	0	0	-6.14	422.10	
452	137646.50	32.836	3.4	3.95	151.03	-46.994	-2.602	0	0	2.94	5.07	2.5	-1	0	0	-8.92	33.65	
453	137890.80	32.856	4.25	5.15	185.88	-43.728	-0.657	0	0	3.31	4.68	2.6	-1	0	0	-7.94	278.00	
454	137953.30	19.355	2.8	3.5	67.15	-46.49	-2.562	0	0	2.36	2.64	1.5	-1	0	0	-6.57	340.50	
455	138478.70	27.055	3.15	3	115.5	-45.985	3.963	0	0	3.04	4.68	2.75	-1	0	0	-7.12	251.45	
456	138260.20	16.249	1.75	0.65	23.83	-43.994	-0.425	0	0	1.65	1.72	1.2	-1	0	0	-7.86	33.00	
457	138656.30	17.842	3.6	1.6	54.07	-42.003	-1.268	0	0	3.33	1.32	0.6	-1	0	0	-4.29	429.15	
458	139345.70	23.437	3.7	4.3	97.85	-40.834	-2.23	0	0	2.97	1.06	0.95	-1	0	0	-6.32	504.10	
459	139781.00	17.616	1.65	2.4	45.01	-43.051	-0.246	0	0	1.5	1.58	1.45	-1	0	0	-9.39	325.05	
460	140326.70	22.096	2.8	3.75	84.18	-43.317	-1.069	0	0	2.57	3.7	0.9	-1	0	0	-6.87	256.30	
461	141015.20	20.012	1.05	1.95	31.61	-42.169	-0.365	0	0	0.7	0.75	0.6	-1	0	0	-22.78	330.40	
462	141241.00	27.267	2.7	4.5	123.34	-42.454	2.496	0	0	2.27	4.92	1.85	-1	0	0	-9.6	556.25	
463	141854.50	28.316	2	4.35	116.57	-40.609	1.673	0	0	1.74	4.62	0.95	-1	0	0	-13.02	555.35	
464	141954.30	23.238	2.25	2.15	57.81	-42.461	-2.044	0	0	1.69	2.3	1.45	-1	0	0	-11	40.65	
465	143622.20	14.184	0.95	2.8	29.58	-44.731	-2.157	0	0	0.88	0.23	0.1	-1	0	0	-12.89	479.80	
466	143820.80	38.823	1.85	4.7	178.37	-42.129	-1.998	0	0	1.57	5.1	1.65	-1	0	0	-19.74	64.05	
467	143965.30	22.813	1.25	4.6	95.48	-44.737	-1.321	0	0	0.67	3.46	1.15	-1	0	0	-27.24	208.55	
468	143984.40	29.929	2.5	4.35	125.73	-47.206	2.901	0	0	2.2	4.77	1.45	-1	0	0	-10.89	227.60	
469	144431.00	24.128	2.6	5.3	124.87	-42.779	6.04	0	0	2.31	5.19	1.65	-1	0	0	-8.36	59.80	
470	144492.00	13.269	2.7	1.3	31.56	-44.658	1.022	0	0	2.64	0.2	0.1	-1	0	0	-4.03	120.75	
471	145572.30	18.512	1.9	3.65	63.83	-47.837	1.162	0	0	1.75	2.52	1.25	-1	0	0	-8.46	586.65	
472	145598.10	16.859	2.05	1.85	44.14	-42.341	-1.613	0	0	1.88	1.42	0.3	-1	0	0	-7.16	612.50	
473	145943.80	16.262	2.05	2.15	43.8	-45.175	1.274	0	0	1.92	0.87	0.7	-1	0	0	-6.77	343.75	
474	146744.90	21.101	2.85	2.2	71.61	-46.098	0.312	0	0	2.71	3.84	2.05	-1	0	0	-6.23	530.50	
475	146870.00	14.417	1.5	3.5	44.75	-44.372	2.018	0	0	1.25	1.21	0.85	-1	0	0	-9.21	41.15	
476	146972.30	20.145	2.55	3.4	74.15	-45.069	0.491	0	0	2.42	2.78	0.6	-1	0	0	-6.67	143.45	
477	147015.20	21.293	2.35	2.65	58.5	-42.149	1.5	0	0	1.53	2.76	1.3	-1	0	0	-11.15	186.35	
478	147173.80	12.751	1.15	1.15	16.94	-45.992	0.259	0	0	1.05	0.98	0.35	-1	0	0	-9.75	345.00	
479	148032.80	30.951	1.25	3.3	93.21	-45.282	-1.294	0	0	1.09	3.54	0.9	-1	0	0	-22.8	589.65	
480	148054.50	18.506	1.85	2.8	59.08	-43.456	-3.186	0	0	1.73	3.38	1.4	-1	0	0	-8.56	611.30	
481	148643.70	11.357	1.45	1.35	17.52	-43.934	0.471	0	0	1.06	1.8	0.7	-1	0	0	-8.6	586.10	
482	149591.30	30.095	2.7	4.5	132.16	-44.047	0.186	0	0	2.49	4.43	2.05	-1	0	0	-9.68	304.90	
483	149750.80	24.552	3	3.4	92.86	-42.852	-2.031	0	0	2.77	3.42	1.15	-1	0	0	-7.09	464.45	
484	150630.70	24.937	2.35	4.1	99.2	-46.967	-1.527	0	0	2.08	3.26	1.65	-1	0	0	-9.6	115.45	
485	151077.50	14.769	1.3	1.5	29.17	-44.173	-0.923	0	0	1.18	1.47	1.15	-1	0	0	-10.01	562.30	
486	151198.80	19.554	2.45	4.5	89.54	-44.027	-0.81	0	0	2.29	4.81	1	-1	0	0	-6.82	69.20	
487	151285.30	13.959	2.55	1.25	37.14	-45.613	-1.108	0	0	2.41	0.99	0.65	-1	0	0	-4.63	155.65	
488	151476.80	17.304	1.55	2.25	41.98	-47.917	-0.604	0	0	1.41	1.72	0.6	-1	0	0	-9.84	347.15	
489	151764.20	40.011	2.05	3.55	166.36	-45.633	0.431	0	0	1.79	5.22	1.8	-1	0	0	-17.87	20.15	
490	152294.80	16.959	2.2	0.7	34.2	-45.282	3.02	0	0	2.09	1.88	1.25	-1	0	0	-6.5	550.80	
491	153011.00	21.605	1.35	5.05	91.37	-45.428	0.564	0	0	1.18	4.35	0.75	-1	0	0	-14.6	38.15	
492	154090.30	40.741	3.7	6.9	250.84	-41.491	-0.684	0	0	2.93	6.07	1.7	-1	0	0	-11.12	503.15	
493	154721.80	30.991	2.65	4.45	146.04	-42.401	6.73	0	0	2.11	4.51	2.05	-1	0	0	-11.73	520.25	
494	154940.00	20.019	3.5	2.8	82.07	-43.151	-2.648	0	0	3.37	4.52	2.3	-1	0	0	-4.75	124.05	
495	155428.70	22.74	2.95	19.7	516.15	-41.14	-1.268	0	0	2.68	5.88	1.45	-1	0	0	-6.8	497.45	
496	155436.40	47.903	2.35	4.7	235.57	-46.695	-1.268	0	0	1.4	4.8	1.85	-1	0	0	-27.28	505.20	
497	155944.40	11.224	1	1.7	19.16	-46.934	-0.398	0	0	0.85	0.5	0.4	-1	0	0	-10.62	398.80	
498	156181.50	14.032	3.25	1.6	49.09	-46.476	0.617	0	0	3.13	3.98	2.7	-1	0	0	-3.58	21.45	
499	156603.80	12.983	1.2	2.25	26.41	-46.237	-1.5	0	0	1.12	0.92	0.6	-1	0	0	-9.29	443.80	
500	156628.90	15.466	1.5	1.95	34.2	-46.523	-0.113	0	0	1.41	1.04	0.15	-1	0	0	-8.76	468.90	
