500	Time (ms)	Amplitude	Rise (ms)	Decay (ms)	Area	Baseline	Noise	Group	Channel	10-90Rise	HalfWidth	Rise50	Peak Dir	Burst#	BurstE#	10-90Slope	Rel Time	
1	173.85	26.456	2.4	4.2	110.9	-32.897	1.311	0	0	2.04	4	1.75	-1	0	0	-10.37	173.85	
2	341.75	15.286	1.05	1.45	24.23	-34.551	2.856	0	0	0.75	1.58	0.65	-1	0	0	-16.37	341.75	
3	997.95	21.982	3.3	3.45	101.29	-33.647	0.874	0	0	3.08	5.35	2.4	-1	0	0	-5.71	383.55	
4	1685.65	37.509	2.6	5	184.19	-37.035	-1.887	0	0	2.32	4.55	2.05	-1	0	0	-12.91	456.85	
5	2484.05	19.723	1.4	4.3	74.87	-36.511	-2.157	0	0	1.24	4.18	1.1	-1	0	0	-12.73	26.45	
6	5252.15	19.716	2.35	3.9	82.51	-38.696	-0.036	0	0	2.18	3.92	1.65	-1	0	0	-7.25	336.95	
7	5438.15	9.851	1.5	1.45	18.63	-38.39	-1.348	0	0	1.44	0.77	0.6	-1	0	0	-5.47	522.95	
8	5542.65	18.456	1.75	5.55	80.54	-35.622	-2.281	0	0	1.58	3.27	0.8	-1	0	0	-9.35	13.05	
9	6380.25	22.565	1.35	4.25	78.28	-35.855	-0.94	0	0	0.75	3.86	0.35	-1	0	0	-24.1	236.25	
10	7208.50	17.028	2.9	3.85	74.91	-36.664	-0.102	0	0	2.49	4.77	2.25	-1	0	0	-5.47	450.10	
11	8962.45	46.58	4.6	5.65	277.75	-36.904	0.634	0	0	3.95	5.58	1.25	-1	0	0	-9.44	360.85	
12	9141.70	39.228	3.1	6.45	255.2	-34.878	0.423	0	0	2.91	6.86	2.2	-1	0	0	-10.77	540.10	
13	10759.00	14.587	2.75	2.8	54.78	-38.638	-2.251	0	0	2.43	4.21	2.05	-1	0	0	-4.8	314.20	
14	11299.20	18.791	1.75	4.2	81.13	-35.745	-0.313	0	0	1.6	5.14	1.05	-1	0	0	-9.39	240.00	
15	11375.30	10.791	1.1	2.55	22.21	-36.722	-0.641	0	0	0.55	0.41	0.3	-1	0	0	-15.81	316.10	
16	16119.10	29.895	1.95	6.15	157.08	-34.857	1.902	0	0	1.55	5.45	1.15	-1	0	0	-15.42	144.70	
17	16353.80	23.039	2.65	3.8	90.74	-36.583	-0.612	0	0	2.11	4.48	1.6	-1	0	0	-8.74	379.40	
18	16413.10	20.714	1.1	5.6	90.85	-37.545	-0.597	0	0	0.82	0.47	0.35	-1	0	0	-20.25	438.70	
19	16526.15	8.619	2.3	0.75	16.19	-36.43	0.947	0	0	2.19	0.96	0.25	-1	0	0	-3.15	551.75	
20	16582.35	12.007	1.2	1.3	19.28	-37.735	2.018	0	0	1.08	1.66	0.45	-1	0	0	-8.9	607.95	
21	17828.20	11.512	1.35	2.05	22.88	-36.234	0.699	0	0	0.81	1.05	0.65	-1	0	0	-11.38	10.60	
22	18417.65	17.1	4.05	2	57.22	-35.374	-1.625	0	0	3.3	3.79	2.25	-1	0	0	-4.14	600.05	
23	18590.15	22.244	3.15	3.75	100.44	-37.873	3.541	0	0	2.89	4.31	2.25	-1	0	0	-6.16	158.15	
24	18970.35	22.441	2.55	3.05	81.16	-38.092	-2.288	0	0	2.41	3.49	1.75	-1	0	0	-7.44	538.35	
25	20372.15	24.918	2.35	2.35	82.37	-38.164	-0.233	0	0	2.21	3.07	2.05	-1	0	0	-9.04	96.95	
26	20666.00	16.729	1.55	3.05	43.96	-40.831	1.231	0	0	1.4	2.66	0.7	-1	0	0	-9.54	390.80	
27	20878.00	35.811	2.15	5.5	185.19	-37.873	-4.109	0	0	1.86	5.26	1.85	-1	0	0	-15.36	602.80	
28	21715.15	12.284	1.9	3.85	46.12	-38.259	-1.953	0	0	1.78	3.3	0.65	-1	0	0	-5.51	211.15	
29	22690.50	24.168	3.05	4.9	110	-36.78	0.058	0	0	1.88	4.25	1.3	-1	0	0	-10.26	572.10	
30	22788.00	38.558	2.05	5.5	191.36	-36.948	-0.138	0	0	1.75	5.15	1.5	-1	0	0	-17.58	55.20	
31	23557.90	28.088	1.95	3.4	102.32	-39.644	1.625	0	0	1.74	3.53	1.35	-1	0	0	-12.92	210.70	
32	28638.20	29.887	1.85	5.4	134.19	-36.605	3.199	0	0	1.52	3.8	1.35	-1	0	0	-15.73	375.80	
33	30534.90	21.406	1.45	4.2	82.99	-32.044	0.903	0	0	1.33	4.24	0.9	-1	0	0	-12.9	429.30	
34	30555.95	57.786	4.2	5.7	373.05	-32.605	-0.641	0	0	3.2	6.41	2.3	-1	0	0	-14.43	450.35	
35	30178.10	11.643	1.1	2.3	24.97	-33.086	-0.772	0	0	0.92	1.18	0.85	-1	0	0	-10.1	72.50	
36	31858.10	14.055	2.55	2.6	44.97	-34.121	-1.479	0	0	2.44	2.33	1.7	-1	0	0	-4.6	523.70	
37	32798.60	24.889	1.75	5.2	112.34	-30.616	0.43	0	0	1.62	5.1	1.3	-1	0	0	-12.27	235.40	
38	33162.25	12.751	1	3.25	33	-32.306	1.559	0	0	0.92	1.95	0.15	-1	0	0	-11.11	599.05	
39	33604.85	18.339	2.2	2.55	55.29	-32.7	1.45	0	0	2.07	3.54	1.5	-1	0	0	-7.07	427.25	
40	33627.80	27.323	3.25	2.4	92.62	-33.363	-1.53	0	0	2.91	4.29	2.3	-1	0	0	-7.52	450.20	
41	34165.85	15.629	2.45	3.2	52.61	-30.813	-0.306	0	0	2.19	2.81	1.15	-1	0	0	-5.7	373.85	
42	34621.75	34.463	1.4	4.3	128.93	-32.751	0.372	0	0	0.94	4.31	1.05	-1	0	0	-29.28	215.35	
43	35844.20	15.483	3.8	4.05	70.29	-32.19	0.743	0	0	3.38	2.66	1.85	-1	0	0	-3.67	209.00	
44	36199.10	40.197	2.4	5.4	200.61	-32.787	-3.352	0	0	1.98	5.07	1.2	-1	0	0	-16.25	563.90	
45	36380.50	15.17	3	2.05	46.21	-32.86	-1.443	0	0	2.81	2.29	1.35	-1	0	0	-4.31	130.90	
46	36940.05	15.031	1.85	3.8	54.25	-33.392	-0.627	0	0	1.57	3.52	1	-1	0	0	-7.64	76.05	
47	37221.35	13.873	0.95	3.4	37.82	-33.275	-3.308	0	0	0.78	2.09	0.5	-1	0	0	-14.24	357.35	
48	38071.45	23.578	3	4.65	121.95	-33.48	1.632	0	0	2.87	6.12	2.3	-1	0	0	-6.57	593.05	
49	39160.25	22.784	1.4	3.9	81.61	-31.694	-1.326	0	0	1.17	3.75	0.9	-1	0	0	-15.59	453.05	
50	39271.45	29.589	2.35	5.05	155.05	-33.101	2.259	0	0	2.19	5.67	1.8	-1	0	0	-10.8	564.25	
51	39582.55	15.687	2.35	4.1	67.88	-31.614	0.182	0	0	2.24	3.37	1.75	-1	0	0	-5.59	260.95	
52	41366.95	30.951	1.5	3.3	101.66	-32.459	1.384	0	0	0.93	3.95	0.9	-1	0	0	-26.66	202.15	
53	43661.95	20.824	3.95	3.75	111.25	-31.345	0.634	0	0	3.77	4.91	2.9	-1	0	0	-4.42	39.55	
54	44668.40	10.769	2	0.95	19.05	-35.461	2.208	0	0	1.89	0.95	0.4	-1	0	0	-4.57	431.60	
55	44915.20	24.219	2.15	2.65	78.82	-37.166	-1.516	0	0	2.01	3.69	1.9	-1	0	0	-9.64	64.00	
56	45834.70	12.736	2.2	1.7	33.19	-33.239	-1.166	0	0	2.07	3.11	1.6	-1	0	0	-4.92	369.10	
57	45932.05	23.053	1.7	3.9	90.82	-35.869	-0.342	0	0	1.28	3.98	1.25	-1	0	0	-14.4	466.45	
58	46169.85	28.54	1.35	3.55	86.32	-35.374	1.537	0	0	1.17	2.72	1	-1	0	0	-19.44	89.85	
59	46715.70	26.66	1.2	4.75	99.31	-33.567	-0.59	0	0	1.06	3.41	0.85	-1	0	0	-20.13	21.30	
60	46986.45	22.733	2.5	3.15	82.37	-34.004	2.485	0	0	1.73	3.9	1.15	-1	0	0	-10.54	292.05	
61	47081.70	16.408	1.6	2.75	45.84	-35.775	-0.401	0	0	1.43	2.68	1.25	-1	0	0	-9.2	387.30	
62	47634.60	24.904	2.1	5.6	115.1	-33.633	-0.86	0	0	1.54	4.34	0.95	-1	0	0	-12.95	325.80	
63	47767.60	10.791	1.15	5.55	59.57	-32.022	-1.086	0	0	1.06	4.53	0.15	-1	0	0	-8.11	458.80	
64	47953.85	12.401	1.9	1.4	24.62	-33.02	2.004	0	0	1.78	1.32	1.1	-1	0	0	-5.57	30.65	
65	49267.85	14.514	1	2.75	34.31	-34.274	2.404	0	0	0.87	1.85	0.4	-1	0	0	-13.32	115.85	
66	52734.15	30.164	2.35	4.65	138.05	-33.37	1.865	0	0	1.88	4.42	1.5	-1	0	0	-12.87	510.15	
67	53154.70	43.17	3.2	5.4	237.56	-32.816	0.036	0	0	2.45	6.03	2.05	-1	0	0	-14.09	316.30	
68	54264.75	13.144	2	3.8	42.65	-32.62	-1.304	0	0	1.01	0.82	0.2	-1	0	0	-10.37	197.55	
69	56770.40	13.953	1.6	1.95	30.75	-33.669	-0.481	0	0	1.41	2.63	0.8	-1	0	0	-7.94	245.60	
70	56959.25	42.245	2.9	6.05	242.33	-31.84	2.084	0	0	2.56	5.81	2.1	-1	0	0	-13.21	434.45	
71	58047.90	19.68	1.95	5.5	87.99	-32.525	1.559	0	0	1.43	4.48	0.75	-1	0	0	-11.05	294.30	
72	59871.95	9.239	1.95	0.35	11.16	-36.445	0.539	0	0	1.83	0.47	0.4	-1	0	0	-4.04	275.15	
73	60628.80	12.685	2.15	1.25	25.92	-35.52	0.452	0	0	2.04	0.28	0.15	-1	0	0	-4.96	417.60	
74	63287.15	12.073	1.7	4.85	45.92	-30.689	1.72	0	0	1.31	1.33	1.1	-1	0	0	-7.38	3.95	
75	65738.55	17.399	2.55	3.95	74.05	-32.117	-0.401	0	0	2.42	4.73	1.65	-1	0	0	-5.76	10.55	
76	66622.15	11.17	2.45	0.3	18.88	-31.906	-1.239	0	0	1.92	1.84	1.65	-1	0	0	-4.66	279.75	
77	67829.15	10.754	4.7	1.3	39.07	-32.51	1.151	0	0	4.24	1.29	0.95	-1	0	0	-2.03	257.95	
78	67995.50	30.616	2.4	5.45	154.07	-32.991	2.106	0	0	1.83	5.09	1.2	-1	0	0	-13.39	424.30	
79	68614.85	11.497	1.35	3.15	33.91	-31.476	-0.59	0	0	1.21	1.34	1.2	-1	0	0	-7.58	429.25	
80	68790.10	11.643	2.95	4.5	56.98	-31.964	1.093	0	0	2.83	5.35	1.85	-1	0	0	-3.29	604.50	
81	68852.85	16.911	1.35	4.7	68.6	-32.459	-2.594	0	0	1.2	4.43	0.65	-1	0	0	-11.32	52.85	
82	69816.75	10.288	1	3.8	38.19	-29.414	0.153	0	0	0.88	3.25	0.35	-1	0	0	-9.39	402.35	
83	69789.55	10.558	1.15	1.6	17.11	-30.223	0.182	0	0	1.07	0.73	0.65	-1	0	0	-7.9	375.15	
84	70428.05	13.53	2.9	1.1	33.58	-31.119	1.647	0	0	2.77	3.08	2.1	-1	0	0	-3.91	399.25	
85	71257.05	12.947	3.4	2.1	42.69	-35.716	-0.08	0	0	3.28	1.61	0.75	-1	0	0	-3.16	229.85	
86	72134.70	11.876	3.75	1.85	37.96	-30.74	-2.128	0	0	3.68	0.25	0.15	-1	0	0	-2.58	493.10	
87	72415.55	41.625	3.75	4.15	224.71	-31.753	-0.342	0	0	3.32	5.91	2.95	-1	0	0	-10.03	159.55	
88	72858.05	13.982	1.35	4.45	52.7	-29.968	-1.581	0	0	1.23	0.87	0.7	-1	0	0	-9.09	602.05	
89	73097.40	14.463	2.9	3.75	60.97	-29.727	0.896	0	0	2.32	3.79	1.65	-1	0	0	-4.98	227.00	
90	74578.15	12.736	3.35	1.65	40.21	-29.698	-1.887	0	0	3.23	0.91	0.6	-1	0	0	-3.16	478.95	
91	74965.75	13.749	3.2	1.5	39.28	-27.527	0.998	0	0	3.04	2.26	2.15	-1	0	0	-3.61	252.15	
92	75385.20	53.21	2.95	5.6	298.38	-29.079	2.004	0	0	1.7	6.15	2.1	-1	0	0	-25.06	57.20	
93	76378.90	11.811	2.4	3.8	45.82	-30.813	3.956	0	0	1.91	2.89	1.3	-1	0	0	-4.96	436.50	
94	76385.65	14.82	2.7	1.4	38.15	-31.403	3.956	0	0	2.21	2.72	1.4	-1	0	0	-5.36	443.25	
95	76629.70	27.57	1.85	5.85	137.13	-31.286	-1.705	0	0	1.69	5.44	1.3	-1	0	0	-13.04	72.90	
96	77262.60	21.734	1.8	3.45	73.96	-31.425	-0.692	0	0	1.41	3.74	1.4	-1	0	0	-12.33	91.40	
97	77902.95	33.778	2.6	5.2	180.71	-30.536	0.678	0	0	2.05	6.17	1.65	-1	0	0	-13.2	117.35	
98	78648.00	15.119	3.45	1.7	44.41	-29.173	0	0	0	3.02	0.52	0.4	-1	0	0	-4.01	248.00	
99	79795.05	24.263	2.65	3.35	96.8	-30.026	2.084	0	0	2.33	4.99	2.05	-1	0	0	-8.33	166.25	
100	80477.55	20.547	2.8	4.05	96.67	-30.747	-2.973	0	0	2.63	5.39	2.2	-1	0	0	-6.24	234.35	
101	80505.35	23.519	2.15	3.55	81.9	-32.037	-0.073	0	0	1.75	4.23	1.1	-1	0	0	-10.76	262.15	
102	81331.85	13.785	3.05	4.4	57.76	-31.272	2.973	0	0	1.39	3.13	1.4	-1	0	0	-7.96	474.25	
103	82037.00	12.474	0.7	1.65	16.03	-33.633	-0.699	0	0	0.59	0.73	0.15	-1	0	0	-16.78	565.00	
104	82124.25	13.552	1.15	4.25	42.9	-33.319	2.536	0	0	1.05	0.89	0.2	-1	0	0	-10.28	37.85	
105	82975.80	16.204	2	3.55	61.76	-32.955	2.579	0	0	1.61	4.16	1.45	-1	0	0	-8.05	275.00	
106	83033.30	19.184	1.8	4.1	72.41	-31.454	1.858	0	0	1.49	4.28	1.1	-1	0	0	-10.29	332.50	
107	84256.25	36.817	2.05	5.3	190.2	-33.108	-1.61	0	0	1.87	5.94	1.7	-1	0	0	-15.78	326.65	
108	83991.90	8.889	1.8	1	13.53	-34.004	-0.372	0	0	1.72	0.49	0.35	-1	0	0	-4.13	62.30	
109	85364.70	11.825	2.3	3.4	44.01	-32.248	-0.495	0	0	2.15	2.69	0.8	-1	0	0	-4.4	206.30	
110	85861.60	16.445	1.75	2.45	47.11	-30.58	-1.362	0	0	1.63	2.94	1.5	-1	0	0	-8.08	88.80	
111	86611.55	40.824	2.15	6.7	230.43	-29.676	0.007	0	0	1.95	5.91	1.6	-1	0	0	-16.78	224.35	
112	87092.75	13.217	1.55	1.6	23.73	-31.782	-0.036	0	0	1.45	0.27	0.15	-1	0	0	-7.29	91.15	
113	87484.20	20.503	2	3.7	84.19	-30.048	0.648	0	0	1.68	4.57	1.8	-1	0	0	-9.77	482.60	
114	88273.85	9.224	3.35	0.8	21.73	-35.928	-0.51	0	0	3.23	0.84	0.15	-1	0	0	-2.29	43.45	
115	88304.60	10.929	2.25	0.45	17.51	-33.108	-0.24	0	0	2.17	0.29	0.15	-1	0	0	-4.02	74.20	
116	88455.60	12.306	2.5	1.25	27.33	-32.19	2.026	0	0	2.21	2.18	1	-1	0	0	-4.45	225.20	
117	89818.10	14.732	2.4	3.8	59.6	-31.906	-0.525	0	0	2.19	4.43	1.5	-1	0	0	-5.38	358.90	
118	90637.30	27.702	3.25	5.1	145.86	-29.785	0.597	0	0	2.87	5.88	2.15	-1	0	0	-7.73	563.70	
119	91168.95	18.856	1.25	4.65	74.81	-31.286	1.246	0	0	0.99	4.19	0.85	-1	0	0	-15.29	480.95	
120	91614.20	15.68	2.45	4.55	74.66	-30.835	-0.321	0	0	2.24	4.62	1.75	-1	0	0	-5.6	311.80	
121	91649.55	9.975	1.25	2.1	20.56	-31.906	0.823	0	0	1.17	1.48	0.35	-1	0	0	-6.83	347.15	
122	91704.20	17.997	1.9	3.6	58.04	-31.556	-1.982	0	0	1.81	1.62	0.75	-1	0	0	-7.96	401.80	
123	92210.75	13.865	2.45	2.9	47.66	-32.022	1.472	0	0	2.24	3.91	1.3	-1	0	0	-4.95	293.95	
124	92144.65	20.051	4.45	4.05	110.89	-32.132	0.612	0	0	4.36	4.51	3.1	-1	0	0	-3.68	227.85	
125	92938.55	14.528	1.35	4.15	49.53	-31.046	-0.976	0	0	1.08	2.61	0.2	-1	0	0	-10.76	407.35	
126	93248.90	16.649	1.65	4.35	71.64	-32.576	-3.577	0	0	1.13	5.1	0.9	-1	0	0	-11.84	103.30	
127	94484.55	13.275	1.4	8.4	101.87	-28.897	0.51	0	0	0.87	7.61	0.5	-1	0	0	-12.17	110.15	
128	95467.50	15.126	2.4	3.9	61.99	-30.288	0.197	0	0	2.15	1.92	1.15	-1	0	0	-5.62	478.70	
129	95949.95	36.547	2.8	4.65	184	-30.419	-2.361	0	0	2.37	4.97	2.3	-1	0	0	-12.33	346.75	
130	96195.15	26.397	4	3.7	133.27	-32.999	-0.787	0	0	3.85	4.38	3.45	-1	0	0	-5.48	591.95	
131	96327.40	53.232	2.25	5.15	271.32	-33.152	-0.175	0	0	1.53	5.23	1.6	-1	0	0	-27.86	109.80	
132	96990.05	14.762	3.25	4.45	71.03	-29.545	-2.557	0	0	2.83	1.42	0.85	-1	0	0	-4.18	158.05	
133	97774.15	15.876	4.4	3.15	77.73	-30.871	-0.488	0	0	4.23	4.34	3.8	-1	0	0	-3	327.75	
134	98117.35	19.702	1.8	3.65	68.74	-29.938	-1.013	0	0	1.69	4.3	1.2	-1	0	0	-9.33	56.55	
135	98218.90	31.279	3.35	5.1	182.88	-29.778	-2.492	0	0	3.16	6.17	2.95	-1	0	0	-7.91	158.10	
136	98327.05	12.707	3.6	1.35	38.16	-30.915	-1.501	0	0	2.94	1.64	1.25	-1	0	0	-3.45	266.25	
137	98468.45	29.232	2.8	6.05	155.44	-30.172	-2.689	0	0	2.24	6.09	1.55	-1	0	0	-10.45	407.65	
138	100205.80	15.089	2.85	2.55	56.92	-33.829	-0.721	0	0	2.7	3.39	2	-1	0	0	-4.46	301.75	
139	101312.90	18.514	3	2.45	67.08	-32.999	2.812	0	0	2.58	3.95	2.35	-1	0	0	-5.73	180.05	
140	101521.00	42.93	2.7	5.6	227.16	-33.582	-1.479	0	0	2.42	5.33	1.9	-1	0	0	-14.2	388.20	
141	101951.90	21.341	2.35	4.3	91	-32.576	1.282	0	0	2.19	3.83	1.7	-1	0	0	-7.8	204.65	
142	102695.20	22.689	4.4	3.55	118.86	-33.793	-0.889	0	0	4.23	5.56	3.4	-1	0	0	-4.29	333.60	
143	104475.60	28.124	2.15	4.95	135.09	-32.102	0.277	0	0	1.8	4.94	1.4	-1	0	0	-12.53	270.85	
144	106387.80	19.862	2.85	4.1	97.06	-30.354	-0.991	0	0	1.8	4.04	1.75	-1	0	0	-8.81	339.75	
145	106552.90	16.073	1.4	3.8	47.93	-31.607	2.849	0	0	1.34	1.32	0.2	-1	0	0	-9.62	504.85	
146	107147.90	16.685	1.25	3.4	44	-30.623	-4.656	0	0	1.14	1.23	0.4	-1	0	0	-11.67	485.45	
147	107774.20	33.326	1.5	3.65	114.78	-32.226	-2.098	0	0	0.72	3.89	1	-1	0	0	-37.05	497.40	
148	110221.80	14.805	3.5	3	57.67	-31.796	0.211	0	0	3.39	2.19	1.1	-1	0	0	-3.49	487.40	
149	110523.10	10.885	1.55	2.25	23.1	-31.374	1.239	0	0	1.44	0.45	0.4	-1	0	0	-6.05	174.35	
150	111164.00	13.938	2.35	3.2	53.16	-29.989	1.858	0	0	2.22	4.79	1.7	-1	0	0	-5.01	200.85	
151	111473.90	55.651	2.85	6.8	356.83	-31.155	-1.428	0	0	2.26	7.34	1.85	-1	0	0	-19.66	510.70	
152	111313.40	9.545	3.3	0.85	25.89	-29.829	2.026	0	0	3.22	0.92	0.15	-1	0	0	-2.37	350.20	
153	111945.80	15.833	2.75	2.9	58.72	-31.381	-0.94	0	0	2.56	3.93	2.15	-1	0	0	-4.96	368.20	
154	112853.10	19.381	1.9	2.35	57.62	-30.521	-2.055	0	0	1.6	3.24	1.6	-1	0	0	-9.69	46.70	
155	112864.00	17.071	1.45	2.9	47.43	-26.813	-2.055	0	0	1.37	3.59	0.85	-1	0	0	-9.94	57.65	
156	113316.00	18.412	2.35	4.7	77.71	-33.079	0.022	0	0	1.91	2.88	1.4	-1	0	0	-7.72	509.60	
157	114115.10	36.554	2.7	4.75	181.93	-30.383	-0.321	0	0	2.43	5.52	1.95	-1	0	0	-12.03	79.95	
158	114128.40	19.913	3.4	2.85	88.32	-30.499	-0.321	0	0	3.27	4.28	2.7	-1	0	0	-4.87	93.15	
159	114829.90	24.08	2.15	4.8	111.41	-32.802	-0.976	0	0	1.76	4.42	1.55	-1	0	0	-10.92	180.25	
160	115028.40	15.002	1.05	3.8	48.69	-31.046	2.062	0	0	0.85	3.11	0.75	-1	0	0	-14.1	378.75	
161	116017.30	19.694	2.7	4.95	93.13	-28.561	-2.244	0	0	2.1	4.11	1.45	-1	0	0	-7.5	138.85	
162	116042.00	35.658	3.4	5.25	204.68	-30.04	-1.042	0	0	2.9	6.21	2.7	-1	0	0	-9.85	163.65	
163	117636.50	41.297	2.95	5.15	234.95	-30.062	-1.413	0	0	2.6	6.29	2.4	-1	0	0	-12.72	529.35	
164	117807.70	13.246	2.5	3.45	55.83	-29.858	0.692	0	0	2.42	3.97	2.15	-1	0	0	-4.38	86.10	
165	118130.80	13.756	1.35	1	19.17	-32.693	-4.109	0	0	1.24	1.27	0.65	-1	0	0	-8.89	409.20	
166	118249.60	9.479	2.2	0.4	14.64	-30.645	0.131	0	0	1.68	0.69	0.4	-1	0	0	-4.51	528.00	
167	118880.10	23.957	3.8	5.1	133.49	-31.928	-0.984	0	0	3.05	6.34	1.9	-1	0	0	-6.28	544.15	
168	119230.10	13.246	3.1	3.4	52.85	-30.529	0.94	0	0	2.98	2.98	2.9	-1	0	0	-3.56	279.70	
169	119546.80	18.536	2.9	3.5	71.2	-30.346	-0.561	0	0	2.75	3.4	2.05	-1	0	0	-5.4	596.40	
170	119874.60	6.018	0.6	5.7	37.97	-31.374	-4.109	0	0	0.53	4.35	0.15	-1	0	0	-9.05	309.80	
171	119927.50	45.764	2.7	5.9	266.46	-31.221	1.814	0	0	1.65	6.29	2	-1	0	0	-22.15	362.65	
172	121812.50	12.539	0.85	1.9	20.98	-31.024	-0.306	0	0	0.71	0.46	0.35	-1	0	0	-14.07	404.55	
173	122552.80	16.554	2.35	3.05	48.46	-31.767	-0.962	0	0	1.36	2.87	0.4	-1	0	0	-9.74	530.35	
174	124047.90	17.501	1.5	4.3	68.92	-30.929	0.175	0	0	0.89	3.19	0.85	-1	0	0	-15.74	182.25	
175	124350.60	9.435	2.55	0.55	17.4	-30.376	0.051	0	0	2.4	1.03	0.8	-1	0	0	-3.15	485.05	
176	124616.80	28.124	2.2	5.1	136.84	-29.946	2.681	0	0	1.83	5.26	1.45	-1	0	0	-12.28	136.75	
177	124589.00	10.463	1.65	1.05	15.91	-31.388	0.321	0	0	1.55	0.29	0.15	-1	0	0	-5.4	109.00	
178	124492.50	15.789	2.55	4.25	59.72	-30.033	0.954	0	0	2.33	2.22	1.55	-1	0	0	-5.42	12.45	
179	125573.50	18.82	1.65	4.5	79.48	-30.718	-0.627	0	0	1.19	4.92	1.15	-1	0	0	-12.61	479.15	
180	126201.40	46.354	2.2	4.25	199.82	-31.949	1.115	0	0	2.02	4.79	1.8	-1	0	0	-18.4	492.55	
181	126597.10	15.213	1.4	3.9	52.36	-34.864	1.027	0	0	1.26	3.39	0.8	-1	0	0	-9.62	273.95	
182	126757.30	41.815	3.1	4.95	216.19	-29.96	-1.712	0	0	2.31	5.44	1.85	-1	0	0	-14.46	434.05	
183	127100.20	17.691	3.8	3.35	73.37	-29.552	0.372	0	0	3.38	3.96	2.45	-1	0	0	-4.19	162.60	
184	127847.40	37.363	2.75	6.3	228.15	-30.915	2.47	0	0	2.51	6.53	2.05	-1	0	0	-11.89	295.40	
185	128505.80	13.166	2.15	3.2	48.1	-30.026	2.244	0	0	2.02	4.14	1.5	-1	0	0	-5.23	339.40	
186	128680.60	20.729	2.95	2.75	73.18	-30.594	0.539	0	0	2.81	4.12	2.3	-1	0	0	-5.89	514.25	
187	129110.10	33.013	2.15	4.95	157.78	-29.02	-0.43	0	0	1.87	5.24	1.7	-1	0	0	-14.09	329.35	
188	129280.30	34.631	2.7	3.7	142.7	-30.82	-1.953	0	0	2.5	4.14	2	-1	0	0	-11.08	499.45	
189	129324.10	9.188	2.1	2.45	25.69	-31.694	2.514	0	0	1.96	1.09	0.85	-1	0	0	-3.74	543.35	
190	129956.90	34.769	2.6	4.65	167.11	-29.195	-2.23	0	0	2.41	5.24	2	-1	0	0	-11.53	561.70	
191	130068.80	11.818	3.05	2.6	39.01	-29.414	1.749	0	0	2.67	0.26	0.15	-1	0	0	-3.54	59.20	
192	130452.30	29.836	2.25	3.8	121.98	-30.448	3.046	0	0	2.06	4.6	1.8	-1	0	0	-11.57	442.65	
193	131306.10	18.732	2.65	6.25	107.57	-26.172	-0.197	0	0	1.92	4.85	1.45	-1	0	0	-7.79	67.70	
194	131487.50	39.308	3.15	6.2	227.77	-26.842	-0.175	0	0	2.21	5.98	1.9	-1	0	0	-14.24	249.05	
195	132004.50	16.773	2.8	3.75	68.78	-28.43	-2.463	0	0	2.16	3.77	1.4	-1	0	0	-6.22	151.65	
196	132070.30	22.157	3.25	3.5	98.15	-27.694	-0.692	0	0	2.63	4.48	2.4	-1	0	0	-6.74	217.55	
197	132138.50	12.35	1.95	2.35	35.54	-27.272	1.304	0	0	1.82	2.89	1.6	-1	0	0	-5.43	285.70	
198	133246.30	12.459	2.35	0.95	28.26	-29.924	-2.463	0	0	2.28	2.44	2.3	-1	0	0	-4.36	164.70	
199	134282.50	24.117	2.45	5.6	129.92	-29.829	-0.474	0	0	2.04	5.4	1.8	-1	0	0	-9.47	586.50	
200	134864.80	10.805	1.7	2.6	27.39	-32.197	0.211	0	0	1.6	1.13	1	-1	0	0	-5.42	554.35	
201	135024.50	17.53	2.15	3.35	63.77	-31.243	2.725	0	0	1.97	3.78	1.15	-1	0	0	-7.1	99.75	
202	136227.80	13.603	3.15	4.6	69.42	-32.044	1.457	0	0	3.04	2.78	2.6	-1	0	0	-3.58	74.25	
203	136694.00	17.042	1.7	5.6	80.18	-30.82	0.321	0	0	1.3	0.49	0.35	-1	0	0	-10.5	540.35	
204	136751.30	16.153	2.2	2.4	48.38	-31.316	1.188	0	0	2.08	2.16	0.15	-1	0	0	-6.22	597.70	
205	137492.30	13.924	0.75	5.55	51.92	-31.563	0.969	0	0	0.63	2.68	0.2	-1	0	0	-17.61	109.95	
206	137954.80	20.365	2.45	3.85	81.04	-31.498	3.308	0	0	1.86	5.02	1.45	-1	0	0	-8.76	572.45	
207	138005.40	20.066	2.5	3.6	80.1	-32.889	-1.297	0	0	2.07	4.64	1.5	-1	0	0	-7.75	8.60	
208	138863.90	15.942	1.7	3.85	50.79	-31.476	-0.845	0	0	1.55	0.83	0.75	-1	0	0	-8.22	252.70	
209	139047.00	16.153	1.1	1.65	27.63	-31.585	0.568	0	0	0.95	1.8	0.75	-1	0	0	-13.6	435.85	
210	140136.90	17.589	2.4	2	49.03	-31.578	0.299	0	0	2.29	2.7	1.75	-1	0	0	-6.16	296.90	
211	140468.90	13.72	0.9	2.7	32.12	-29.603	-1.319	0	0	0.78	2.68	0.65	-1	0	0	-14.12	14.50	
212	141702.90	11.905	3.1	4.05	54.57	-29.436	0.35	0	0	2.73	3.78	2.35	-1	0	0	-3.49	19.70	
213	142603.80	17.538	1.55	5.85	89.24	-30.696	0.364	0	0	1.41	5.27	1.15	-1	0	0	-9.92	306.25	
214	142790.70	11.527	2.8	1.1	30.12	-30.077	-1.909	0	0	2.74	3.32	2.3	-1	0	0	-3.37	493.10	
215	143282.20	36.773	2.5	5.7	200.18	-31.017	2.565	0	0	2.28	5.82	1.65	-1	0	0	-12.88	370.20	
216	146517.20	12.845	2.8	2.85	40.93	-29.305	0.699	0	0	2.3	2.91	1.6	-1	0	0	-4.48	533.20	
217	147014.90	11.162	3.25	2.65	41.32	-31.52	-0.605	0	0	3.16	2.93	2.1	-1	0	0	-2.83	416.50	
218	147965.00	17.159	3.35	4.35	85.04	-32.554	0.969	0	0	2.6	4.7	2.05	-1	0	0	-5.28	137.85	
219	149580.80	36.124	2.7	4.9	175.22	-30.026	-0.109	0	0	2.07	4.91	1.8	-1	0	0	-13.96	524.75	
220	150181.80	18.652	2.8	4.85	99.23	-30.645	-0.175	0	0	2.47	5.27	1.6	-1	0	0	-6.03	511.45	
221	150339.20	8.357	2.45	0.55	14.91	-32.452	0.029	0	0	2.38	0.49	0.15	-1	0	0	-2.81	54.40	
222	150942.60	44.03	2.95	5.2	223.9	-31.359	3.286	0	0	2.75	4.68	2.25	-1	0	0	-12.82	43.40	
223	153009.20	13.37	2.55	2.6	40.48	-30.543	0.75	0	0	1.64	2.79	1.05	-1	0	0	-6.5	266.80	
224	154319.90	20.226	3.5	4.8	97.34	-29.516	-2.9	0	0	2.86	3.69	2.1	-1	0	0	-5.67	348.70	
225	154549.60	24.43	1.8	6.65	144.37	-29.807	1.552	0	0	1.42	6.15	1.3	-1	0	0	-13.76	578.40	
226	155415.40	33.421	3.35	5.85	198.08	-30.769	3.082	0	0	3.15	6.77	2.55	-1	0	0	-8.49	215.40	
227	156407.50	15.556	4.55	3	68.31	-29.873	0.007	0	0	4.16	3.85	2.95	-1	0	0	-2.99	593.15	
228	156561.30	17.895	2.9	3.3	62.61	-29.188	0.211	0	0	2.32	1.75	1.65	-1	0	0	-6.17	132.45	
229	156643.20	27.345	2.1	4.05	113.99	-30.121	-0.073	0	0	1.89	4.89	1.6	-1	0	0	-11.55	214.40	
230	157875.70	23.366	1.95	6.4	133.29	-31.694	0.809	0	0	1.72	5.27	0.85	-1	0	0	-10.86	218.05	
231	158852.70	11.942	2.5	2.85	36.27	-30.135	-1.209	0	0	1.86	1.58	0.2	-1	0	0	-5.14	580.65	
232	159242.50	23.891	2.05	4.4	102.36	-33.421	1.705	0	0	1.87	4.36	1.55	-1	0	0	-10.22	356.15	
233	160166.20	18.813	4.4	3.9	93.92	-29.37	0.78	0	0	3.63	3.97	2.9	-1	0	0	-4.15	51.00	
234	160293.30	15.337	4.55	2.35	74.6	-31.469	-0.379	0	0	4.11	5.65	4.1	-1	0	0	-2.98	178.05	
235	161115.30	10.346	1.75	2	21.98	-29.946	-2.769	0	0	1.22	1	0.8	-1	0	0	-6.8	385.75	
236	161165.60	43.01	3.8	6	292.09	-29.21	-1.523	0	0	1.91	7.27	2.85	-1	0	0	-18.04	436.00	
237	161783.60	40.569	2.1	4.7	178.23	-30.9	3.264	0	0	1	4.64	1.55	-1	0	0	-32.45	439.60	
238	161984.30	30.813	2.45	4.3	143.89	-32.321	0.015	0	0	2.22	5.25	2.1	-1	0	0	-11.09	25.95	
239	162702.50	20.146	4.4	2.5	100.6	-31.534	3.366	0	0	4.25	5.15	3.75	-1	0	0	-3.79	129.75	
240	164684.90	9.712	2.1	0.95	15.91	-32.962	-2.106	0	0	1.96	0.75	0.5	-1	0	0	-3.97	268.90	
241	164879.20	10.011	2.25	0.9	19.82	-32.372	0.401	0	0	2.14	1.71	0.95	-1	0	0	-3.74	463.15	
242	164898.80	9.771	2.75	0.45	16.76	-33.982	0.903	0	0	2.65	0.54	0.2	-1	0	0	-2.95	482.85	
243	165180.50	51.979	2.2	5.4	260.7	-32.204	-1.443	0	0	1.92	5.52	1.4	-1	0	0	-21.69	150.15	
244	165335.50	18.915	2.1	4.6	74.48	-30.142	2.339	0	0	1.99	1.27	1.15	-1	0	0	-7.62	305.15	
245	168658.20	9.822	3.5	1.2	27.87	-33.742	1.107	0	0	3.41	0.45	0.35	-1	0	0	-2.31	555.80	
246	169876.10	20.671	1.4	5.35	95.15	-30.223	-0.168	0	0	1.3	4.17	0.8	-1	0	0	-12.71	544.90	
247	169825.80	8.619	1.7	2.75	26.31	-32.226	-1.049	0	0	1.61	2.07	0.15	-1	0	0	-4.28	494.55	
248	169925.00	26.747	2.4	5.55	146.09	-32.015	-1.042	0	0	2.32	5.43	2	-1	0	0	-9.24	593.80	
249	171223.20	21.873	1.3	4	81.92	-34.31	-2.004	0	0	0.87	3.98	1	-1	0	0	-20.01	48.80	
250	171526.20	15.024	0.95	4.8	54.77	-33.057	0.051	0	0	0.84	2.33	0.6	-1	0	0	-14.28	351.80	
251	173547.80	22.048	2.4	5.6	111.22	-35.104	0.393	0	0	2.24	4.54	1.85	-1	0	0	-7.88	530.25	
252	174099.30	43.607	2.75	4.2	200.99	-33.786	-0.721	0	0	1.96	5.2	2.1	-1	0	0	-17.78	467.30	
253	175374.00	18.434	3.4	5.45	107.48	-29.02	-1.45	0	0	3.17	5.88	2.35	-1	0	0	-4.65	513.20	
254	176137.80	24.7	2	4.1	101.14	-33.968	0.007	0	0	1.82	4.03	1.6	-1	0	0	-10.84	48.20	
255	176318.50	10.113	1.7	2.45	24.19	-31.534	-0.131	0	0	1.66	0.2	0.1	-1	0	0	-4.87	228.90	
256	176978.60	27.133	3.2	5.25	152.45	-32.314	-0.59	0	0	2.9	6.07	2.3	-1	0	0	-7.48	274.60	
257	177238.30	27.578	1.6	5.1	116.8	-32.525	-2.302	0	0	1.28	3.87	1.2	-1	0	0	-17.27	534.35	
258	178397.50	24.802	3.5	5.65	149.55	-32.299	2.842	0	0	3.32	6.6	2.65	-1	0	0	-5.97	464.70	
259	178760.00	38.565	2.5	5.45	214.38	-31.352	-1.581	0	0	2.26	5.78	1.95	-1	0	0	-13.64	212.80	
260	180518.30	38.39	3.6	5.4	235.53	-33.669	-2.033	0	0	3.39	6.53	3	-1	0	0	-9.06	127.85	
261	182112.30	13.931	3.65	2.45	54.75	-32.234	1.209	0	0	3.15	4.29	2.25	-1	0	0	-3.54	493.10	
262	182751.30	17.29	1.2	2.55	39.74	-33.72	2.834	0	0	1.08	1.13	0.7	-1	0	0	-12.77	517.70	
263	184174.20	43.804	3.2	5.45	256.71	-32.03	0.153	0	0	2.77	7.28	2	-1	0	0	-12.67	97.35	
264	184469.10	30.623	2.5	5.05	152.81	-30.616	0.648	0	0	2.31	5.12	1.9	-1	0	0	-10.61	392.30	
265	184940.50	29.771	3.15	5.85	186.3	-33.341	0.984	0	0	2.92	6.21	2.4	-1	0	0	-8.15	249.35	
266	185554.10	12.634	2.55	2.45	39.39	-30.631	1.333	0	0	2.13	3.11	1.3	-1	0	0	-4.75	248.50	
267	185655.30	11.082	1.85	4.65	44.84	-29.297	0.124	0	0	1.32	2.17	0.75	-1	0	0	-6.69	349.70	
268	188352.10	14.142	1.7	4.05	50.01	-33.516	0.845	0	0	1.58	1.92	0.8	-1	0	0	-7.16	588.90	
269	189330.40	33.756	2.9	6.4	192.81	-33.407	0.685	0	0	2.44	6.07	1.5	-1	0	0	-11.08	338.40	
270	191469.00	36.307	1.35	4.85	143.91	-32.576	0.954	0	0	0.7	4.16	0.85	-1	0	0	-41.75	19.35	
271	193086.10	15.716	2.95	3.65	64.77	-32.474	2.871	0	0	2.56	3.89	1.75	-1	0	0	-4.91	407.70	
272	193158.50	77.925	1.9	5	345.31	-34.041	0.874	0	0	0.82	4.63	1.35	-1	0	0	-75.72	480.15	
273	193372.80	11.25	1.45	1.35	21.06	-34.383	0.066	0	0	1.21	2.08	0.85	-1	0	0	-7.45	79.95	
274	194060.30	30.922	2.1	5.7	156.28	-35.498	2.463	0	0	1.96	5.83	1.25	-1	0	0	-12.65	153.10	
275	194615.80	15.315	3.55	2.4	60.96	-33.982	-0.036	0	0	3.19	4.03	2.75	-1	0	0	-3.84	94.25	
276	195560.00	23.046	2.2	6.45	131.79	-30.798	-3.016	0	0	1.96	6.15	1.3	-1	0	0	-9.41	423.95	
277	196241.30	15.221	2.85	2.9	56.44	-32.802	2.674	0	0	2.49	2.63	1.95	-1	0	0	-4.89	490.90	
278	196776.80	26.055	1.2	4.95	108.56	-32.802	1.756	0	0	1.02	4.33	0.7	-1	0	0	-20.4	412.05	
279	197468.50	16.612	2.85	3	56.53	-34.092	-3.548	0	0	2.46	1.78	0.15	-1	0	0	-5.4	489.35	
280	197657.10	27.476	2.15	7.1	175.71	-31.651	1.734	0	0	1.41	5.7	1.7	-1	0	0	-15.62	63.50	
281	197803.90	14.492	3.15	4	68.64	-31.636	-0.306	0	0	3.04	4.17	2.05	-1	0	0	-3.81	210.30	
282	201640.80	18.558	3.55	4.85	93.52	-32.321	3.14	0	0	3.44	3.95	2.05	-1	0	0	-4.32	360.75	
283	202232.10	14.82	2.75	3.3	47.18	-33.822	-1.45	0	0	2.05	1.17	0.85	-1	0	0	-5.8	337.70	
284	202413.80	15.097	2.65	4.55	73.2	-33.246	-1.421	0	0	2.54	4.68	1.75	-1	0	0	-4.75	519.45	
285	202732.10	18.332	3.6	3.05	79.95	-33.931	0.219	0	0	3.47	4.66	3.2	-1	0	0	-4.23	223.30	
286	202543.50	11.599	1.95	1.6	20.92	-34.66	-0.685	0	0	1.87	0.29	0.15	-1	0	0	-4.96	34.75	
287	203408.00	11.731	1.95	3.5	37.63	-31.439	1.071	0	0	1.88	1.2	0.85	-1	0	0	-4.99	284.85	
288	204226.90	11.563	0.85	3.8	33.64	-32.117	0.342	0	0	0.77	1.59	0.15	-1	0	0	-12.01	489.30	
289	204951.00	34.004	2.05	5.2	158.07	-31.235	-1.785	0	0	1.8	5.12	1.35	-1	0	0	-15.11	599.00	
290	206123.30	10.208	3.95	0.8	32.41	-32.27	-1.574	0	0	3.82	1.17	0.95	-1	0	0	-2.14	542.45	
291	207136.00	18.886	3.8	3.8	98.54	-32.663	-0.262	0	0	3.48	5.17	3.2	-1	0	0	-4.34	326.45	
292	207007.50	12.7	2.65	1.65	32.76	-32.073	3.454	0	0	2.35	1.83	0.75	-1	0	0	-4.32	197.95	
293	208188.60	14.31	2.95	4.7	70.46	-31.643	4.109	0	0	2.8	3.72	1.85	-1	0	0	-4.1	150.20	
294	208526.30	50.186	3.35	6.2	326.51	-33.006	-1.1	0	0	3.1	7.39	2.55	-1	0	0	-12.94	487.90	
295	211356.00	25.844	3.2	4.35	127.04	-34.084	-1.166	0	0	2.87	4.89	2.15	-1	0	0	-7.22	245.60	
296	211564.70	40.78	2.45	5.2	216.62	-32.561	0.08	0	0	2.21	6.15	1.75	-1	0	0	-14.76	454.30	
297	211581.30	28.547	2.5	3.8	118.81	-38.631	-1.129	0	0	2.09	4.94	1.95	-1	0	0	-10.95	470.85	
298	213385.30	16.19	2.35	3.25	53	-31.505	-0.189	0	0	1.54	3.1	1	-1	0	0	-8.41	431.65	
299	213945.00	18.922	1.75	7.1	99.37	-31.498	-0.882	0	0	0.89	3.78	0.4	-1	0	0	-16.94	377.00	
300	214394.70	25.625	3.25	5.05	142.95	-28.503	-1.377	0	0	3.04	5.46	2.2	-1	0	0	-6.75	212.30	
301	214493.50	17.523	3.6	5.9	105.2	-29.334	0.94	0	0	2.25	6.38	1.9	-1	0	0	-6.22	311.05	
302	214630.50	22.106	3	3.9	96.22	-29.283	2.455	0	0	2.63	2.65	2.15	-1	0	0	-6.73	448.10	
303	214873.70	20.059	3.5	3.65	92.61	-30.405	0.036	0	0	3.11	3.92	2.6	-1	0	0	-5.16	76.90	
304	215009.60	23.447	3.35	3.9	116.74	-30.689	-0.342	0	0	3.18	5.86	2.7	-1	0	0	-5.9	212.80	
305	216209.70	49.05	2.65	6.25	293.38	-33.326	-2.302	0	0	1.88	6.36	1.9	-1	0	0	-20.84	184.10	
306	216647.30	17.785	4.65	3.15	89.45	-33.99	-0.852	0	0	4.47	4.66	3.5	-1	0	0	-3.18	7.30	
307	217233.10	18.492	1.95	4	69.99	-31.993	-1.785	0	0	1.84	3.37	1.3	-1	0	0	-8.05	593.10	
308	218292.40	42.128	2.9	5.85	236.58	-30.026	0.335	0	0	2.7	6	2.15	-1	0	0	-12.47	423.60	
309	218077.50	10.15	3.05	0.7	24.46	-33.633	-0.437	0	0	2.94	0.94	0.35	-1	0	0	-2.76	208.65	
310	220714.10	17.37	2.15	5.6	80.64	-31.359	1.071	0	0	1.99	4.39	1.2	-1	0	0	-6.97	387.70	
311	220425.70	15.847	1.6	3.45	52.01	-30.514	-1.086	0	0	1.52	3.13	1	-1	0	0	-8.35	99.25	
312	220776.50	11.585	2.05	2.5	29.31	-31.265	2.499	0	0	1.19	0.85	0.2	-1	0	0	-7.81	450.05	
313	221034.80	30.383	1.4	6.45	148.78	-33.399	1.559	0	0	1.21	5.25	1.05	-1	0	0	-20.03	94.05	
314	223581.30	17.887	2.1	4.55	78.67	-32.51	-0.036	0	0	1.94	4.69	1.3	-1	0	0	-7.37	182.95	
315	224483.00	23.046	3.3	5.45	134.25	-32.445	0.029	0	0	3.11	6.65	2.35	-1	0	0	-5.93	470.25	
316	225484.90	34.412	3.45	5.9	221.61	-31.381	-1.632	0	0	3.18	6.88	2.6	-1	0	0	-8.65	243.30	
317	225588.40	10.966	2.05	3.4	36.58	-32.423	-1.268	0	0	1.9	1.77	0.45	-1	0	0	-4.62	346.80	
318	225984.30	30.121	2.65	4.95	147.51	-31.84	1.275	0	0	2.28	4.73	1.7	-1	0	0	-10.58	128.30	
319	226261.80	8.496	1.75	2.65	21.04	-31.184	-0.743	0	0	1.66	0.88	0.4	-1	0	0	-4.1	405.80	
320	226917.30	15.403	3.15	2.2	47.12	-30.543	-2.011	0	0	3.03	2.93	1.4	-1	0	0	-4.07	446.95	
321	227469.00	11.352	2.4	3.55	40.83	-30.026	-0.605	0	0	2.28	2.21	0.2	-1	0	0	-3.98	384.15	
322	228229.20	17.793	3.25	3.65	69.84	-32.088	0.488	0	0	2.95	0.29	0.15	-1	0	0	-4.82	529.95	
323	228791.20	9.027	2.2	0.35	12.38	-33.108	-3.162	0	0	2.09	0.27	0.15	-1	0	0	-3.45	477.60	
324	229068.20	41.917	3.95	6.45	283.33	-30.667	0.364	0	0	2.95	7.43	2.6	-1	0	0	-11.38	140.20	
325	230960.30	24.707	2.5	5.75	127.51	-29.53	-0.495	0	0	1.9	5.83	1.6	-1	0	0	-10.4	189.10	
326	231252.80	16.226	2.75	4.95	77.43	-29.829	0.619	0	0	2.55	3.89	1.55	-1	0	0	-5.1	481.65	
327	231375.50	24.948	1.4	5.1	116.55	-30.499	-1.53	0	0	1.24	5.7	0.95	-1	0	0	-16.09	604.30	
328	231545.20	13.807	2.85	4.8	66.02	-29.771	-1.078	0	0	2.74	2.03	0.65	-1	0	0	-4.03	159.60	
329	231712.30	30.332	2.95	7.25	199.94	-30.827	-2.936	0	0	2.33	6.01	1.8	-1	0	0	-10.4	326.75	
330	233390.30	15.716	2.95	3.9	61.66	-31.01	2.091	0	0	1.83	4.11	1.2	-1	0	0	-6.88	161.45	
331	234048.50	11.592	3.65	2.55	42.93	-31.25	2.062	0	0	3.07	1.9	1.05	-1	0	0	-3.02	205.30	
332	234774.40	20.321	1.85	4.55	92.47	-31.52	0.299	0	0	1.64	5.13	1.4	-1	0	0	-9.89	316.80	
333	234797.20	22.23	3.45	4.2	103.68	-31.061	0.809	0	0	2.97	5.17	2.2	-1	0	0	-6	339.60	
334	235030.00	18.354	2.55	5.7	91.47	-31.396	-2.077	0	0	2.06	4.29	1.1	-1	0	0	-7.14	572.40	
335	236122.20	22.427	2.55	6	125.51	-32.117	-1.618	0	0	2.32	5.95	1.85	-1	0	0	-7.73	435.75	
336	236661.50	14.856	2.4	2.4	41.45	-29.472	1.902	0	0	2.3	1.47	0.1	-1	0	0	-5.17	360.65	
337	236995.80	16.518	1.3	2.35	36.98	-32.117	-1.807	0	0	1.18	2.16	0.8	-1	0	0	-11.18	80.55	
338	237642.40	18.616	1.95	3.1	65.14	-31.469	0.634	0	0	1.76	4.22	1.25	-1	0	0	-8.45	112.80	
339	239453.20	35.556	2.4	9.7	285.03	-31.964	0.102	0	0	1.97	8.95	1.25	-1	0	0	-14.47	80.40	
340	240292.90	29.45	2.35	8.3	220.13	-28.459	0.889	0	0	2.2	8.29	1.6	-1	0	0	-10.72	305.70	
341	241115.70	12.262	0.7	1.4	12.73	-32.481	-2.74	0	0	0.62	0.23	0.1	-1	0	0	-15.74	514.10	
342	241900.80	29.785	3	4.35	145.52	-31.148	0.051	0	0	2.52	5.01	2.15	-1	0	0	-9.47	70.35	
343	242554.50	19.119	3.35	3.9	90.96	-33.429	1.086	0	0	3.23	5.81	2.5	-1	0	0	-4.74	109.75	
344	243299.40	17.202	2.6	4.2	77.19	-31.782	1.567	0	0	2.44	5.86	1.95	-1	0	0	-5.65	240.20	
345	243614.50	18.113	3.1	3.6	77.98	-33.101	-0.721	0	0	2.71	4.74	2.4	-1	0	0	-5.34	555.25	
346	245055.30	27.053	3.4	4.55	142.49	-31.877	1.639	0	0	2.99	5.76	2.4	-1	0	0	-7.24	152.90	
347	245194.30	15.104	2.3	15.85	280.5	-30.026	0.954	0	0	2.19	4.54	1.15	-1	0	0	-5.52	291.95	
348	245200.80	25.989	2.85	5.9	164.98	-32.569	0.954	0	0	2.67	6.66	1.9	-1	0	0	-7.8	298.45	
349	245716.50	25.152	4.05	5.35	147.07	-31.52	-0.029	0	0	3.85	6.01	2.75	-1	0	0	-5.23	199.65	
350	245780.40	14.762	2.7	5	71.79	-30.784	-1.778	0	0	2.6	3.8	1.4	-1	0	0	-4.53	263.60	
351	247093.40	13.297	2.75	0.6	24.73	-31.214	1.88	0	0	2.65	0.3	0.15	-1	0	0	-4.02	347.80	
352	247924.70	36.569	2.05	3.25	133.84	-29.822	-1.115	0	0	1.84	4.14	1.75	-1	0	0	-15.86	564.65	
353	248532.80	14.39	2.9	3.3	58.05	-30.048	1.107	0	0	2.48	4.19	2.15	-1	0	0	-4.63	558.45	
354	248807.50	33.778	3.4	5	183.45	-30.091	-0.182	0	0	3.11	6.18	2.1	-1	0	0	-8.69	218.65	
355	249232.20	26.827	4.5	5.7	176.66	-30.74	-1.392	0	0	3.74	6.93	3.15	-1	0	0	-5.74	28.95	
356	249366.80	21.035	3.35	6.85	134.09	-30.128	-1.581	0	0	2.82	6.91	1.8	-1	0	0	-5.97	163.65	
357	249544.50	11.76	1.95	6.65	68.85	-32.314	0.095	0	0	1.57	4.57	0.95	-1	0	0	-6	341.30	
358	249743.70	7.723	1.25	3.05	21.98	-32.081	-1.421	0	0	0.94	1.31	0.35	-1	0	0	-6.55	540.50	
359	249882.70	14.616	1.75	3.85	53.44	-32.102	0.729	0	0	1.51	1.52	1.2	-1	0	0	-7.73	65.05	
360	250636.90	26.951	4	3.9	138.02	-31.265	-0.612	0	0	3.53	3.93	2.65	-1	0	0	-6.1	204.90	
361	251247.70	16.481	3.25	1.5	52.57	-30.113	-0.954	0	0	3.13	3.37	2.55	-1	0	0	-4.21	201.25	
362	251555.80	26.776	4.6	4.8	152.14	-32.459	1.297	0	0	4.18	6.01	2.35	-1	0	0	-5.13	509.45	
363	251571.70	16.503	3.05	4.2	85.52	-30.951	1.297	0	0	2.95	5.62	1.5	-1	0	0	-4.47	525.30	
364	251954.20	22.361	3.85	4.85	127.33	-30.514	-1.268	0	0	3.51	6.22	2.85	-1	0	0	-5.1	293.40	
365	252093.80	14.361	1.2	4.9	53.8	-29.348	-1.683	0	0	1.08	0.81	0.7	-1	0	0	-10.65	433.00	
366	252699.90	14.077	0.55	1.95	20.72	-31.483	-0.189	0	0	0.43	0.33	0.15	-1	0	0	-26.03	424.70	
367	254065.20	27.33	4.15	5.55	173.55	-28.343	0.474	0	0	3.5	5.95	2.6	-1	0	0	-6.25	561.20	
368	255066.50	27.519	1.9	5.05	135.59	-31.76	0.466	0	0	1.16	5.03	1.35	-1	0	0	-19.02	333.75	
369	255584.80	23.993	3.7	4.75	132.3	-29.866	0.364	0	0	3.56	5.48	2.9	-1	0	0	-5.39	237.65	
370	255760.80	19.184	2.6	4.6	87.45	-32.139	1.122	0	0	2.15	3.58	0.95	-1	0	0	-7.15	413.55	
371	255995.50	17.538	3.3	6.7	107.62	-30.099	-0.495	0	0	2.88	5.42	1.65	-1	0	0	-4.87	33.90	
372	256615.00	33.341	3.4	5.4	197.32	-30.66	1.195	0	0	3.21	6.06	2.6	-1	0	0	-8.3	39.00	
373	256659.00	27.753	3.35	6.05	169.85	-30.427	-2.215	0	0	3.13	5.96	2.35	-1	0	0	-7.08	82.95	
374	256976.90	19.053	2.05	2.6	50.75	-29.756	-0.386	0	0	1.85	2.79	0.8	-1	0	0	-8.23	400.90	
375	257464.20	20.685	2.35	4.3	87.15	-29.377	-2.171	0	0	2.06	3.32	1.1	-1	0	0	-8.03	273.80	
376	257305.30	14.201	1.65	3.65	50.92	-29.8	-1.639	0	0	1.52	1.74	1.3	-1	0	0	-7.46	114.95	
377	258481.20	15.403	1.2	4.7	60.85	-28.612	-1.705	0	0	1.02	3.82	0.75	-1	0	0	-12.1	62.00	
378	258935.00	16.139	1.45	3.6	53.85	-32.015	0.073	0	0	1.35	3.53	0.85	-1	0	0	-9.56	515.75	
379	259076.80	18.259	2.2	5.3	85.53	-31.01	-1.843	0	0	2.03	5.11	1.45	-1	0	0	-7.2	43.15	
380	259957.70	27.847	3.75	5.85	174.59	-28.401	0.525	0	0	3.35	6.64	2.45	-1	0	0	-6.66	309.70	
381	259650.50	13.173	3.15	1.65	41.54	-29.239	2.594	0	0	3.07	3.68	2.4	-1	0	0	-3.44	322.50	
382	260270.70	11.548	2.4	1.65	26.9	-27.971	-1.326	0	0	2.05	1.13	1	-1	0	0	-4.51	328.30	
383	261468.30	26.791	3.75	5.15	143.13	-31.745	0.401	0	0	3.15	5.36	2.35	-1	0	0	-6.79	297.15	
384	261590.70	13.355	1.5	3.1	36.47	-31.49	-2.084	0	0	1.4	1.72	1.1	-1	0	0	-7.61	419.50	
385	261765.50	18.944	1.2	4.4	65.73	-28.255	0.867	0	0	1.07	2.67	0.65	-1	0	0	-14.14	594.30	
386	261823.90	28.707	2.9	5.55	155.03	-28.467	1.311	0	0	2.55	6.34	1.85	-1	0	0	-9.01	38.30	
387	262737.00	24.561	3.15	6.25	155.86	-28.525	2.485	0	0	2.81	7.32	1.6	-1	0	0	-6.99	337.00	
388	262472.50	18.835	4.1	2.3	81.57	-30.011	-1.129	0	0	3.98	3.83	2.25	-1	0	0	-3.79	72.50	
389	262420.30	12.241	2.95	1.95	41.55	-30.033	-1.013	0	0	2.79	4.44	2.55	-1	0	0	-3.51	20.35	
390	262839.90	13.997	2.15	1.7	30.16	-30.317	0.758	0	0	1.75	1.16	0.55	-1	0	0	-6.41	439.90	
391	263303.70	13.385	3.1	1.6	38.6	-29.246	0.095	0	0	2.91	0.94	0.15	-1	0	0	-3.68	289.25	
392	263958.80	19.41	2.2	3.95	76.84	-29.596	0.896	0	0	1.95	2.99	1.4	-1	0	0	-7.95	330.05	
393	264102.10	14.295	1.25	3.45	45.6	-29.713	-4.168	0	0	1.12	3.42	0.95	-1	0	0	-10.19	473.25	
394	264202.30	26.609	4.6	8.2	217.91	-28.445	1.326	0	0	3.91	8.11	3.2	-1	0	0	-5.44	573.45	
395	264441.80	23.935	4.7	5.25	156.96	-28.532	0.605	0	0	4.29	7.49	3.45	-1	0	0	-4.46	198.60	
396	264621.70	21.822	3.25	5.5	122.79	-29.173	-0.109	0	0	3.13	5.61	2.35	-1	0	0	-5.58	378.50	
397	264716.00	22.091	2.5	5.85	115.45	-28.897	-0.204	0	0	2.37	5.18	1.2	-1	0	0	-7.44	472.80	
398	265132.90	25.428	4.65	3.45	134.23	-27.33	1.567	0	0	4.33	5.71	3.65	-1	0	0	-4.7	275.35	
399	265239.30	28.146	4.5	5	180.48	-27.993	1.72	0	0	4.23	6.84	3.7	-1	0	0	-5.33	381.75	
400	265431.10	26.798	2.75	5.85	152.97	-28.357	1.421	0	0	2.47	6.59	1.95	-1	0	0	-8.69	573.50	
401	265706.90	31.097	1.35	5	123.83	-28.736	0.182	0	0	1.15	3.46	1	-1	0	0	-21.66	234.95	
402	266210.10	39.644	2.95	4.05	185.86	-29.589	-3.162	0	0	2.46	5.31	2.2	-1	0	0	-12.9	123.65	
403	266114.20	12.153	2.05	1.05	18.73	-30.376	-1.552	0	0	1.91	0.61	0.25	-1	0	0	-5.09	27.75	
404	266908.90	12.641	2.05	0.55	18.98	-29.341	3.956	0	0	1.6	0.95	0.5	-1	0	0	-6.32	208.15	
405	267444.30	33.793	3.6	6.85	223.11	-29.836	-0.925	0	0	3.12	6.52	2.35	-1	0	0	-8.67	129.10	
406	267366.10	12.415	1.3	3.85	34.94	-29.567	-1.129	0	0	1.21	0.29	0.15	-1	0	0	-8.24	50.85	
407	267698.40	21.647	3.45	4.95	123.55	-28.926	-1.894	0	0	3.3	7.14	2.3	-1	0	0	-5.24	383.20	
408	268156.70	34.944	2.35	5.45	182.1	-29.611	1.902	0	0	2.04	5.92	1.7	-1	0	0	-13.69	227.05	
409	268631.40	13.465	2.25	2	32.45	-29.581	2.04	0	0	2.13	0.75	0.2	-1	0	0	-5.06	87.45	
410	268951.30	30.565	3.35	6.75	201.64	-29.866	2.193	0	0	2.85	7.2	2.1	-1	0	0	-8.57	407.25	
411	269202.40	12.299	2.15	3.1	39.77	-28.948	-1.435	0	0	1.84	2.22	1.1	-1	0	0	-5.36	44.00	
412	269442.80	13.785	2.9	3.55	52.88	-27.818	-0.168	0	0	2.22	3.59	1.4	-1	0	0	-4.98	284.35	
413	269455.60	21.348	2.1	6.75	121.06	-26.58	-0.168	0	0	1.42	6.46	1.05	-1	0	0	-12.06	297.20	
414	269563.50	33.013	1.65	4.2	123	-28.758	2.193	0	0	1.51	4.09	1.4	-1	0	0	-17.51	405.10	
415	269588.80	10.368	1.7	4.55	43.62	-29.399	0.182	0	0	1.6	3.83	0.85	-1	0	0	-5.2	430.35	
416	269617.60	39.148	2.8	6.95	249.16	-29.53	0.51	0	0	2.39	6.65	1.9	-1	0	0	-13.12	459.20	
417	269724.40	21.581	2.55	9	182.29	-28.918	1.268	0	0	2.23	8.96	1.5	-1	0	0	-7.74	566.00	
418	270517.10	18.179	4.55	3.05	73.74	-27.17	-1.202	0	0	2.7	5.1	2.4	-1	0	0	-5.39	129.90	
419	270980.90	10.791	1.55	2.05	24.37	-28.962	-0.707	0	0	1.4	1.8	0.2	-1	0	0	-6.15	593.75	
420	271028.90	21.559	4.65	4.8	120.07	-26.798	0.78	0	0	4	4.71	2.5	-1	0	0	-4.31	27.30	
421	271069.30	26.74	4.45	3.45	141.49	-31.498	-0.663	0	0	4.26	5.92	3.5	-1	0	0	-5.02	67.70	
422	271506.90	10.332	3.1	1.2	27.42	-27.476	-4.743	0	0	3.03	0.75	0.15	-1	0	0	-2.73	505.35	
423	271801.10	31.308	3.65	7.25	229.74	-27.454	1.457	0	0	2.68	7.4	2.1	-1	0	0	-9.36	185.10	
424	272305.80	20.845	3.65	6.15	128.7	-29.815	-0.044	0	0	3.05	5.95	2.25	-1	0	0	-5.46	75.35	
425	272792.60	20.736	2.25	6.9	129.01	-29.56	-2.04	0	0	1.96	6.84	1.3	-1	0	0	-8.48	562.15	
426	273100.30	23.286	4.7	3.75	132.18	-31.665	0.903	0	0	4.53	6.31	3.75	-1	0	0	-4.11	255.45	
427	273638.70	23.672	3	5.5	129.53	-28.722	-1.69	0	0	2.51	6.64	1.65	-1	0	0	-7.55	179.45	
428	273648.80	17.778	1.8	3.35	58.51	-30.208	-1.69	0	0	1.66	2.84	1.5	-1	0	0	-8.55	189.55	
429	273676.20	13.596	3.05	4.2	62.54	-27.979	-2.244	0	0	2.88	4.5	2.25	-1	0	0	-3.78	217.00	
430	273925.20	27.804	3.1	6.9	183.5	-27.039	-0.911	0	0	2.03	6.91	1.85	-1	0	0	-10.97	466.00	
431	273998.80	35.986	1.85	4.95	155.31	-28.503	-1.982	0	0	1.54	4.23	1.3	-1	0	0	-18.64	539.60	
432	274647.80	30.332	2.55	7.15	199.01	-28.561	-1.428	0	0	2.4	7.47	1.8	-1	0	0	-10.11	574.15	
433	275091.10	8.94	4.15	0.15	23.05	-27.986	0.393	0	0	3.07	0.21	0.15	-1	0	0	-2.33	403.10	
434	275205.80	18.062	2.1	3.05	61.25	-28.627	-0.386	0	0	1.67	3.67	1.65	-1	0	0	-8.65	517.75	
435	275849.60	13.472	3.5	3.95	63.7	-28.518	1.384	0	0	3.15	4.26	1.6	-1	0	0	-3.42	547.20	
436	276512.90	32.459	4.4	5.4	223.91	-28.343	0.503	0	0	3.89	6.93	3.4	-1	0	0	-6.68	596.10	
437	276736.70	27.345	3.4	7.25	186.62	-28.569	-1.362	0	0	3.03	6.56	1.85	-1	0	0	-7.21	205.50	
438	277491.30	19.782	2.9	4.1	83.3	-28.416	2.747	0	0	2.16	3.52	1.8	-1	0	0	-7.31	345.75	
439	277643.90	11.301	1.65	3.55	36.82	-28.984	1.202	0	0	1.53	0.42	0.3	-1	0	0	-5.92	498.35	
440	277710.50	20.197	3	6.3	125.51	-29.326	-0.393	0	0	2.59	6.04	1.65	-1	0	0	-6.23	564.90	
441	277775.80	19.228	3	6.9	132.77	-29.494	-0.211	0	0	2.4	8.05	1.85	-1	0	0	-6.4	15.75	
442	278294.20	23.323	1.8	5	106.26	-30.23	0.794	0	0	1.68	4.31	1.15	-1	0	0	-11.12	534.15	
443	278572.00	13.188	2.4	1.35	27.51	-27.789	0.612	0	0	2.15	0.52	0.15	-1	0	0	-4.9	197.60	
444	278924.10	21.392	2.6	5.3	109.95	-28.962	-1.581	0	0	2.31	5.34	1.85	-1	0	0	-7.41	549.70	
445	278940.30	20.911	4.15	4.65	133.67	-26.813	-1.581	0	0	4	5.8	3.4	-1	0	0	-4.18	565.90	
446	279615.80	25.312	3.45	5.3	140.63	-27.592	-0.918	0	0	2.84	4.99	2.15	-1	0	0	-7.14	12.55	
447	279798.40	18.099	2.55	4.5	78.86	-28.525	-1.465	0	0	2.32	4.11	1.1	-1	0	0	-6.23	195.25	
448	279920.70	20.656	2.3	4.4	88.51	-29.377	-0.168	0	0	1.92	3.67	1.6	-1	0	0	-8.59	317.50	
449	279957.10	27.206	2.65	5.55	150.51	-27.716	-2.259	0	0	2.48	5.7	1.6	-1	0	0	-8.79	353.85	
450	279985.70	28.627	2.25	5.75	159.71	-29.13	0.197	0	0	2.07	5.81	1.65	-1	0	0	-11.05	382.45	
451	280161.10	16.044	2.25	4.3	67.79	-29.37	-0.67	0	0	2.13	4.1	1.5	-1	0	0	-6.03	557.90	
452	280193.20	14.798	2.2	4.85	68.01	-27.753	1.151	0	0	2.08	2.45	1.45	-1	0	0	-5.7	589.95	
453	280368.70	25.691	4.7	5.7	170.71	-29.858	1.122	0	0	4.5	7	3.6	-1	0	0	-4.56	151.10	
454	280680.80	12.976	2.1	0.25	16.56	-27.84	-0.67	0	0	2.03	0.28	0.15	-1	0	0	-5.11	463.25	
455	280741.60	18.441	3	4.35	90.79	-31.148	-1.02	0	0	2.53	5.67	1.95	-1	0	0	-5.82	523.95	
456	281323.20	21.465	2.7	4	90.04	-28.277	-1.188	0	0	2.1	5.13	1.85	-1	0	0	-8.17	491.15	
457	281831.40	23.461	3.3	5.25	135.77	-31.818	0.568	0	0	3.15	6.48	2.3	-1	0	0	-5.97	385.00	
458	282066.30	15.898	4.6	2.1	73.31	-33.611	-0.663	0	0	4.48	5.26	3.55	-1	0	0	-2.84	5.50	
459	282917.40	22.434	2.85	4.55	109.59	-28.226	-0.568	0	0	2.52	5.04	2.25	-1	0	0	-7.12	242.25	
460	283146.30	26.74	3.15	5.95	164.94	-29.312	0.612	0	0	2.95	6.21	1.9	-1	0	0	-7.24	471.10	
461	283214.90	22.106	2.85	4.2	93.83	-30.244	2.71	0	0	2.69	4.5	1.8	-1	0	0	-6.56	539.75	
462	283303.60	12.168	4.1	2.5	50.36	-31.068	-1.005	0	0	3.96	3.1	2.7	-1	0	0	-2.46	13.95	
463	283330.70	23.468	2.05	8.85	169.39	-28.824	0.342	0	0	1.89	7.16	0.8	-1	0	0	-9.93	41.05	
464	283522.30	27.104	3.9	5.9	177.56	-27.949	-0.976	0	0	3.71	7.03	2.8	-1	0	0	-5.84	232.65	
465	284958.20	26.499	3.3	6.55	169.09	-27.527	-2.062	0	0	3.12	6.45	2.35	-1	0	0	-6.8	439.80	
466	285926.60	34.339	3.1	5.75	196.3	-29.465	1.056	0	0	2.68	6.36	2.1	-1	0	0	-10.26	179.35	
467	286016.40	19.76	2.75	6.5	117.4	-31.039	-0.546	0	0	2.55	4.16	1.7	-1	0	0	-6.21	269.20	
468	286182.00	27.986	3.15	6.8	172.39	-29.778	1.457	0	0	2.87	6.73	2.15	-1	0	0	-7.81	434.80	
469	286481.10	10.849	3.1	0.95	24.76	-28.911	-0.721	0	0	1.84	1.32	0.45	-1	0	0	-4.71	119.50	
470	286549.10	16.896	2.35	3.65	61.05	-29.159	-0.452	0	0	1.4	3.85	1.4	-1	0	0	-9.65	187.50	
471	286816.70	19.993	3.65	4.6	101.04	-30.762	-0.532	0	0	3.51	5.09	2.05	-1	0	0	-4.56	455.05	
472	287125.30	25.392	2.45	6.35	148.15	-29.188	-0.597	0	0	1.86	5.31	1.1	-1	0	0	-10.91	149.30	
473	287478.50	28.438	1.7	6.3	162.2	-29.297	-0.729	0	0	1.57	5.97	1.35	-1	0	0	-14.49	502.50	
474	287720.90	20.277	2	5.35	103.35	-28.649	-0.729	0	0	1.72	3.89	1.35	-1	0	0	-9.45	130.50	
475	288074.60	29.654	4.75	6.1	208.24	-28.299	0.503	0	0	4.11	7.67	3.35	-1	0	0	-5.78	484.15	
476	289193.60	24.088	3.75	5.85	150.2	-28.357	-0.75	0	0	3.43	6.91	2.45	-1	0	0	-5.62	374.40	
477	289349.70	23.337	4.45	5.15	151.26	-29.618	0.408	0	0	4.32	5.92	2.95	-1	0	0	-4.32	530.50	
478	289691.30	25.159	2.05	6	131.22	-30.47	0.838	0	0	1.91	5.51	1.2	-1	0	0	-10.51	257.75	
479	289866.70	20.809	4.4	4.4	116.47	-28.962	0.474	0	0	3.75	6	2.65	-1	0	0	-4.44	433.05	
480	289914.30	15.075	4.65	1.8	58	-31.097	1.698	0	0	4.48	1.76	1.65	-1	0	0	-2.69	480.70	
481	290096.30	17.596	3.2	4	82.91	-31.199	-1.45	0	0	3.06	4.75	0.9	-1	0	0	-4.59	48.25	
482	290157.20	11.745	4.2	1.55	37.74	-30.048	2.703	0	0	3.87	0.93	0.65	-1	0	0	-2.43	109.15	
483	290799.10	9.654	2.45	0.15	13.19	-30.798	-0.721	0	0	2.36	0.25	0.15	-1	0	0	-3.28	136.70	
484	290948.40	10.718	3.55	3.1	43.25	-28.969	-0.211	0	0	2.89	2.29	0.3	-1	0	0	-2.96	286.00	
485	291605.70	29.581	4.45	5.9	191.69	-28.751	0.954	0	0	3.77	6.56	3	-1	0	0	-6.28	328.85	
486	291819.90	15.862	4.25	3.8	79.58	-30.368	-1.465	0	0	3.66	5.15	3.05	-1	0	0	-3.47	543.10	
487	292286.70	21.924	3.7	5	126.77	-29.137	-0.699	0	0	3.24	6.05	2.7	-1	0	0	-5.42	395.45	
488	292678.20	18.543	4.45	4.9	117.43	-28.11	-0.306	0	0	4.06	6.94	3.6	-1	0	0	-3.66	172.55	
489	292742.60	11.971	2.4	4.1	47.89	-27.898	-1.618	0	0	2.1	2.51	0.4	-1	0	0	-4.57	237.00	
490	293338.80	18.703	4.6	1.15	68.12	-31.505	-1.465	0	0	4.48	3.28	3.15	-1	0	0	-3.34	218.85	
491	293132.70	14.987	4.75	1.95	61.12	-31.279	0.131	0	0	4.6	4.25	3.4	-1	0	0	-2.61	12.65	
492	293670.70	22.376	2.3	5.4	118.27	-29.516	0.495	0	0	2.14	5.69	1.55	-1	0	0	-8.36	550.70	
493	293733.30	21.88	3.05	6.65	136.19	-29.669	0.758	0	0	2.46	6.94	1.7	-1	0	0	-7.12	75.70	
494	293824.40	16.467	2.05	5.05	73.65	-30.47	2.011	0	0	1.57	4.31	0.2	-1	0	0	-8.38	166.85	
495	295617.10	16.984	4.6	5.2	100.3	-29.05	0.882	0	0	4.49	5.17	2.9	-1	0	0	-3.03	116.25	
496	296000.70	32.255	4.55	6.9	253.2	-26.784	-1.894	0	0	3.88	8.73	3.45	-1	0	0	-6.64	499.90	
497	296462.70	9.989	3.85	0.45	25.08	-29.749	3.373	0	0	3.31	0.51	0.15	-1	0	0	-2.41	347.50	
498	296513.90	18.448	2.15	5.4	87.79	-28.445	1.151	0	0	2.01	4.42	1.55	-1	0	0	-7.33	398.75	
499	296545.30	28.328	3.8	5.45	171.76	-29.086	-0.678	0	0	3.32	6.26	2.75	-1	0	0	-6.82	430.10	
500	296694.90	11.629	3.9	2.9	51.78	-29.618	0.495	0	0	3.63	4.18	2.2	-1	0	0	-2.57	579.75	
