500	Time (ms)	Amplitude	Rise (ms)	Decay (ms)	Area	Baseline	Noise	Group	Channel	10-90Rise	HalfWidth	Rise50	Peak Dir	Burst#	BurstE#	10-90Slope	Rel Time	
1	497.65	19.104	0.8	3.75	58.97	-13.489	-0.061	0	0	0.65	3.4	0.6	-1	0	0	-23.52	497.65	
2	739.15	10.864	1.25	3.1	27.23	-13.794	1.953	0	0	1.14	0.96	0.6	-1	0	0	-7.64	124.75	
3	1063.75	17.334	2.2	7	106.3	-12.268	-0.366	0	0	2.07	5.37	1.1	-1	0	0	-6.7	449.35	
4	1285.70	9.46	2.2	1.55	22.17	-12.39	-0.183	0	0	2.06	2.62	1.15	-1	0	0	-3.68	56.90	
5	3722.35	11.963	3.15	0.65	26.26	-12.756	2.38	0	0	2.95	2.55	2.1	-1	0	0	-3.25	35.95	
6	4109.60	10.193	1.6	4.2	41.98	-11.963	-0.671	0	0	1.48	4.59	0.55	-1	0	0	-5.5	423.20	
7	5652.85	9.155	0.9	3.1	26.17	-11.23	-1.038	0	0	0.74	0.93	0.75	-1	0	0	-9.88	123.25	
8	7665.55	15.564	2.85	4.35	70.47	-9.521	0.244	0	0	2.22	4.57	1.7	-1	0	0	-5.61	292.75	
9	8703.70	11.597	3.1	3.2	42.43	-14.099	-0.61	0	0	2.46	1.53	1	-1	0	0	-3.77	102.10	
10	8812.60	12.085	2.85	0.2	18.77	-10.498	-1.404	0	0	2.53	0.54	0.45	-1	0	0	-3.82	211.00	
11	9376.25	14.465	4.15	3.2	58.6	-11.841	0	0	0	3.91	0.45	0.15	-1	0	0	-2.96	160.25	
12	9782.80	9.949	1.55	2.7	25.88	-10.071	2.319	0	0	1.43	1.78	1.1	-1	0	0	-5.56	566.80	
13	10166.30	12.939	4.75	2.2	60.47	-12.878	0.061	0	0	4.34	4.43	4.35	-1	0	0	-2.39	335.90	
14	10582.05	11.78	1.95	3.65	37.3	-12.878	-1.099	0	0	1.82	2.06	0.6	-1	0	0	-5.19	137.25	
15	11329.90	14.954	3.85	3.75	68.25	-11.475	0.488	0	0	3.71	2.51	2.1	-1	0	0	-3.23	270.70	
16	13550.15	13.123	1.25	3.65	43.45	-12.268	-0.549	0	0	1.11	1.81	1.15	-1	0	0	-9.49	33.35	
17	14256.30	13.916	2.9	4.05	61.63	-11.414	-0.977	0	0	2.75	4.42	1.15	-1	0	0	-4.04	125.10	
18	15809.85	13	1.85	6.9	81.28	-12.573	2.869	0	0	1.72	5.25	1.15	-1	0	0	-6.06	449.85	
19	18184.50	22.949	3.7	6.85	150.47	-12.207	-1.77	0	0	3.08	7.45	2.6	-1	0	0	-5.96	366.90	
20	18950.70	23.376	1.25	5.5	101.72	-13.489	-0.61	0	0	1.11	3.91	1.15	-1	0	0	-16.92	518.70	
21	19513.10	30.457	3.85	2.65	137.16	-11.23	-0.61	0	0	3.75	4.65	3.7	-1	0	0	-6.49	466.70	
22	19745.55	25.574	1	4.75	98.98	-11.841	-2.136	0	0	0.87	4.13	0.65	-1	0	0	-23.64	84.75	
23	20636.00	9.094	2.3	0.15	13.28	-12.024	-1.465	0	0	2.2	0.24	0.15	-1	0	0	-3.31	360.80	
24	21122.00	13.245	2.5	1.9	35.2	-11.169	0.61	0	0	2.41	0.76	0.15	-1	0	0	-4.4	232.40	
25	23065.80	13.733	2.15	2.5	39.51	-12.451	-0.671	0	0	1.8	1.9	1.8	-1	0	0	-6.12	333.00	
26	23229.50	9.094	2.15	4.45	38.41	-10.864	-2.563	0	0	2.06	1.23	0.55	-1	0	0	-3.53	496.70	
27	24300.85	31.921	2.95	5.45	184.29	-11.719	1.343	0	0	2.55	5.5	2.15	-1	0	0	-10.01	339.25	
28	24377.30	18.799	3.7	5.75	109.41	-10.864	-1.16	0	0	3.55	2.8	1.75	-1	0	0	-4.23	415.70	
29	24942.25	12.634	2.4	2.65	42.32	-9.827	0.305	0	0	2.26	3.55	1.85	-1	0	0	-4.47	366.25	
30	25219.10	21.057	0.55	3.55	52.99	-11.658	1.099	0	0	0.44	2.8	0.4	-1	0	0	-38.11	28.70	
31	25435.00	21.179	2.45	5.75	114.54	-9.033	-1.221	0	0	2.09	5.12	1.85	-1	0	0	-8.1	244.60	
32	26747.65	26.917	1.75	4.9	117.12	-11.597	2.014	0	0	0.82	4.72	1.4	-1	0	0	-26.18	328.45	
33	27495.95	13.611	1.2	5.3	55.09	-10.193	-0.977	0	0	0.9	3.95	0.45	-1	0	0	-12.03	462.35	
34	30654.00	18.799	3.3	3.8	88.57	-10.559	-0.061	0	0	3.11	4.51	2.1	-1	0	0	-4.84	548.40	
35	31969.45	19.043	2.95	5.1	90.91	-10.254	0.061	0	0	2.53	4.98	1.8	-1	0	0	-6.02	20.65	
36	32111.90	41.077	1.85	5.4	193.27	-9.766	0.366	0	0	0.79	5	1.1	-1	0	0	-41.85	163.10	
37	32343.35	14.465	4.55	6.5	102.27	-10.01	0.244	0	0	4.4	4.73	3.2	-1	0	0	-2.63	394.55	
38	32304.90	7.324	3.65	0.65	18.64	-11.047	-0.366	0	0	3.23	1.07	0.95	-1	0	0	-1.81	356.10	
39	32385.50	30.945	1.5	6.35	165.98	-9.094	1.587	0	0	0.75	5.78	0.95	-1	0	0	-33.04	436.70	
40	33702.35	13.733	1.35	3.5	42.46	-10.986	-0.488	0	0	1.27	1.56	1.25	-1	0	0	-8.67	524.75	
41	34133.05	11.047	4.6	3.6	56.79	-13.306	0.305	0	0	4.47	3.13	3	-1	0	0	-1.98	341.05	
42	34315.70	35.828	1.15	5.15	146.35	-11.658	1.282	0	0	0.96	3.99	0.75	-1	0	0	-30	523.70	
43	34494.50	31.677	2.25	3.5	123.09	-10.864	0.122	0	0	1.93	4.9	1.8	-1	0	0	-13.16	88.10	
44	34574.45	22.705	2.05	5.2	109.95	-11.169	2.991	0	0	1.9	5.62	1.55	-1	0	0	-9.57	168.05	
45	34737.95	16.602	1.55	3.45	47.22	-11.597	-0.061	0	0	1.42	2.89	0.35	-1	0	0	-9.35	331.55	
46	36126.50	12.39	2.7	2.65	43.19	-9.766	1.404	0	0	2.61	2.14	0.15	-1	0	0	-3.8	491.30	
47	37070.90	13.245	3.4	5.4	75.09	-9.766	-2.869	0	0	2.57	6.84	1.9	-1	0	0	-4.13	206.90	
48	37352.25	16.907	4.15	3.55	88.14	-10.315	-1.038	0	0	3.83	4.56	3.2	-1	0	0	-3.53	488.25	
49	37727.15	12.756	1.1	2.55	25.59	-11.658	0.244	0	0	0.66	0.52	0.15	-1	0	0	-15.48	248.75	
50	40775.50	36.377	1.45	5.6	166.89	-10.742	-0.61	0	0	0.82	4.21	1.2	-1	0	0	-35.28	225.10	
51	41120.00	13.306	1.35	3.8	46.91	-15.503	2.014	0	0	1	2.82	0.8	-1	0	0	-10.62	569.60	
52	41221.85	16.968	1.2	4.25	58.68	-9.338	0.916	0	0	0.99	3.91	0.85	-1	0	0	-13.65	57.05	
53	44367.60	15.564	3.75	2.35	56.99	-8.606	-1.587	0	0	3.36	2.74	2.4	-1	0	0	-3.7	130.80	
54	44379.85	26.367	1.6	4.05	101.26	-8.728	-1.587	0	0	0.99	4.58	0.9	-1	0	0	-21.33	143.05	
55	44740.85	18.25	2.05	4.05	69.74	-11.108	0.916	0	0	1.77	3.54	1.45	-1	0	0	-8.25	504.05	
56	44777.10	14.404	3.7	2.9	62.92	-12.878	-2.075	0	0	3.6	2.09	0.2	-1	0	0	-3.2	540.30	
57	44784.55	15.503	3.4	2.35	63.22	-13.611	-2.075	0	0	3.26	2.12	0.2	-1	0	0	-3.8	547.75	
58	45134.70	8.118	3	1.3	22.51	-11.475	0.427	0	0	2.84	2.37	2.05	-1	0	0	-2.28	283.50	
59	45204.25	11.169	2.25	2.15	26.38	-11.292	2.563	0	0	2.15	0.74	0.65	-1	0	0	-4.16	353.05	
60	46160.40	10.437	0.8	1.35	12.44	-10.803	-1.221	0	0	0.6	0.48	0.2	-1	0	0	-14.03	80.40	
61	46599.40	9.827	1.4	5.85	44.27	-9.766	1.587	0	0	0.64	2.29	0.5	-1	0	0	-12.33	519.40	
62	46748.15	16.174	2.7	5.1	79.58	-9.46	0.183	0	0	2.54	4.57	1.15	-1	0	0	-5.09	53.75	
63	47837.75	19.959	2.1	2.7	62.53	-9.644	-0.061	0	0	1.94	3.09	1.4	-1	0	0	-8.21	528.95	
64	48319.50	12.39	1.15	3.75	37.22	-11.108	0.305	0	0	1.04	0.94	0.8	-1	0	0	-9.51	396.30	
65	49683.25	23.56	2.2	5.65	122.77	-10.376	2.136	0	0	1.73	5.59	1.55	-1	0	0	-10.91	531.25	
66	49770.85	37.109	1.55	5.2	181.53	-10.925	0.061	0	0	0.65	4.87	1.2	-1	0	0	-45.47	4.45	
67	49872.95	35.034	1	5.55	158.09	-10.742	0.61	0	0	0.82	5.67	0.7	-1	0	0	-34.24	106.55	
68	50017.95	28.442	2.15	4.15	129.46	-10.559	0.854	0	0	1.73	5.07	1.9	-1	0	0	-13.17	251.55	
69	50708.50	17.639	0.85	4.75	61.27	-12.207	-1.16	0	0	0.59	2.89	0.5	-1	0	0	-23.93	327.70	
70	50910.55	18.86	1.9	5.9	94.42	-10.498	1.404	0	0	1.65	5.03	1.55	-1	0	0	-9.16	529.75	
71	51907.55	33.386	2.05	4.2	141.02	-9.521	0.671	0	0	1.72	4.69	1.5	-1	0	0	-15.54	297.95	
72	52483.75	35.156	2	4.45	152.09	-11.353	0.732	0	0	1.53	4.71	1.6	-1	0	0	-18.42	259.75	
73	52722.20	14.893	2.4	1.75	37.16	-10.864	0.488	0	0	2.02	2.58	1.6	-1	0	0	-5.9	498.20	
74	53282.50	20.508	0.95	4.25	75.69	-11.78	0.488	0	0	0.61	3.79	0.7	-1	0	0	-26.75	444.10	
75	53306.55	29.419	1.75	5.25	128.72	-11.902	1.099	0	0	1.06	3.55	1.25	-1	0	0	-22.12	468.15	
76	54398.50	10.925	1.25	6.6	54.71	-9.705	1.282	0	0	1.13	2.67	0.15	-1	0	0	-7.74	331.30	
77	55047.50	9.216	2.4	2.55	28.5	-11.841	2.686	0	0	1.91	0.53	0.4	-1	0	0	-3.86	365.90	
78	55075.30	12.695	2.8	4.05	55.34	-10.193	0.61	0	0	2.06	3.58	1.2	-1	0	0	-4.93	393.70	
79	55206.45	18.066	1.55	4.85	76.45	-10.559	1.892	0	0	1.11	4.5	1.3	-1	0	0	-13.02	524.85	
80	56001.55	9.277	3.5	0.25	22.5	-10.864	0.977	0	0	3.37	0.31	0.2	-1	0	0	-2.2	91.15	
81	56642.50	46.936	1.65	4.65	203.89	-10.986	-0.854	0	0	1	5.16	1.15	-1	0	0	-37.71	117.70	
82	56558.40	11.536	1.05	1.65	18.1	-10.986	-1.953	0	0	0.96	0.57	0.45	-1	0	0	-9.63	33.60	
83	56748.70	21.057	2.4	2.95	83.08	-9.949	0.549	0	0	2.19	4.8	1.95	-1	0	0	-7.7	223.90	
84	59157.45	11.353	1.2	5.2	47.31	-12.207	0.61	0	0	1.05	2.71	0.6	-1	0	0	-8.62	175.05	
85	60027.00	18.982	2.7	4.05	84.61	-10.132	-0.854	0	0	2.55	4.81	2.1	-1	0	0	-5.96	430.20	
86	60127.50	14.404	0.8	2.1	27.97	-11.23	-1.343	0	0	0.63	2.51	0.5	-1	0	0	-18.24	530.70	
87	60608.70	29.053	1.15	6.6	148.32	-10.254	-0.061	0	0	0.9	6.54	0.9	-1	0	0	-25.77	397.50	
88	60973.35	32.898	2.85	6.9	214.49	-10.742	0.916	0	0	2.69	7.4	2.25	-1	0	0	-9.79	147.75	
89	61791.05	22.949	1.65	4.2	88.14	-10.437	-0.122	0	0	1.34	4.54	1.1	-1	0	0	-13.71	351.05	
90	62469.60	18.738	3.85	5.15	101.08	-8.667	-2.258	0	0	2.93	5.79	2.05	-1	0	0	-5.12	415.20	
91	62572.40	23.254	2.35	6	103.47	-9.033	-0.732	0	0	1.01	4.08	0.8	-1	0	0	-18.48	518.00	
92	63054.85	11.292	3.35	1.8	38.97	-10.193	3.357	0	0	3.24	3.93	2.25	-1	0	0	-2.79	386.05	
93	63733.55	13.428	3.7	1.7	43.34	-9.827	2.441	0	0	3.35	2.96	2.65	-1	0	0	-3.21	450.35	
94	63866.90	15.93	2.9	3.9	65.79	-11.23	-0.183	0	0	2.38	3.12	1.8	-1	0	0	-5.36	583.70	
95	64460.90	10.742	2.7	3.1	35.54	-9.949	0.122	0	0	2.6	0.36	0.2	-1	0	0	-3.31	563.30	
96	64675.85	10.071	1.1	2.35	22.03	-10.742	0.488	0	0	0.98	2.47	0.95	-1	0	0	-8.23	163.85	
97	65672.40	16.663	2.6	7.65	112.05	-9.521	0.244	0	0	2.46	6.45	1.4	-1	0	0	-5.42	546.00	
98	66069.35	12.634	2.95	3.3	48.22	-11.597	-1.892	0	0	2.86	2.18	1.7	-1	0	0	-3.54	328.55	
99	66283.05	27.771	2.15	5.45	136.69	-10.376	0	0	0	2.01	5.59	1.75	-1	0	0	-11.05	542.25	
100	67983.05	15.259	1.9	5.4	72.6	-9.521	1.221	0	0	1.77	4.4	1.25	-1	0	0	-6.88	399.05	
101	70164.25	11.963	1.2	4.35	40.2	-10.071	-1.526	0	0	1.07	2.45	0.3	-1	0	0	-8.94	122.65	
102	70855.20	18.494	3.2	4.55	88.85	-9.644	-0.977	0	0	3.07	3.98	2.5	-1	0	0	-4.82	199.20	
103	71212.85	17.151	2.35	6.4	90.17	-10.437	-0.183	0	0	2.17	3.53	0.25	-1	0	0	-6.31	556.85	
104	71662.15	15.381	1.3	2.25	35.83	-10.193	0.122	0	0	0.97	2.36	1	-1	0	0	-12.62	391.75	
105	72120.10	11.658	2.8	2.85	40.29	-11.963	-1.221	0	0	2.69	1.67	1.35	-1	0	0	-3.47	235.30	
106	72648.80	25.635	2.75	3.75	100.6	-11.414	0.977	0	0	2.52	3.53	1.65	-1	0	0	-8.13	149.60	
107	73620.50	25.452	1.2	4.95	93.92	-10.071	-3.601	0	0	0.92	4.17	0.75	-1	0	0	-22.1	506.90	
108	74198.10	17.212	3.2	4.9	90.37	-12.085	-1.77	0	0	2.62	4.61	2.1	-1	0	0	-5.25	470.10	
109	74236.65	11.414	3.2	4.9	58.73	-11.047	-0.488	0	0	3.05	4.92	1.85	-1	0	0	-2.99	508.65	
110	74344.55	33.569	2.25	6.3	195.88	-10.681	0.732	0	0	1.91	6.56	1.75	-1	0	0	-14.08	2.15	
111	74532.20	17.273	1.15	2.1	36.44	-10.62	-2.93	0	0	0.81	2.72	0.75	-1	0	0	-16.98	189.80	
112	74595.25	23.926	2.2	6.05	125.42	-11.841	0.244	0	0	1.79	6.04	1.45	-1	0	0	-10.67	252.85	
113	74734.05	21.118	3.25	5.2	118.82	-9.888	-0.183	0	0	2.84	6.62	2.15	-1	0	0	-5.95	391.65	
114	75838.65	10.742	4.5	2.5	48.14	-12.634	0.671	0	0	4.35	3.74	3.4	-1	0	0	-1.97	267.45	
115	76818.85	12.146	0.9	2.8	27.92	-9.705	-0.183	0	0	0.81	0.91	0.6	-1	0	0	-12.02	18.85	
116	78107.45	22.949	1.15	4.5	89.87	-11.353	1.343	0	0	0.76	3.71	0.75	-1	0	0	-24.21	78.65	
117	78777.50	15.869	3.15	3.3	65.66	-13.672	-1.038	0	0	2.95	3.56	0.7	-1	0	0	-4.31	134.30	
118	79152.95	17.334	1.55	3.3	52.2	-12.451	0	0	0	1.39	2.93	1.05	-1	0	0	-9.96	509.75	
119	79389.00	15.564	4.2	1.9	53.41	-17.09	-0.793	0	0	3.52	2.31	0.55	-1	0	0	-3.54	131.40	
120	79820.60	13.428	2.1	2.05	33.7	-11.597	1.404	0	0	1.68	1.6	1.25	-1	0	0	-6.39	563.00	
121	81197.40	17.761	2.65	4	70.27	-17.517	0.793	0	0	2.15	3.95	1.3	-1	0	0	-6.62	96.60	
122	81749.75	12.512	2.8	2.55	45.27	-18.005	-0.122	0	0	2.7	4.22	2.3	-1	0	0	-3.71	34.55	
123	81806.35	20.63	2.35	4.5	88.97	-15.259	-0.183	0	0	2.1	4.8	1.25	-1	0	0	-7.85	91.15	
124	81824.75	49.5	1.35	5.7	237.96	-19.165	0.549	0	0	1.19	5.13	1.15	-1	0	0	-33.15	109.55	
125	81947.70	15.503	1.85	5.25	78.84	-16.418	-0.793	0	0	1.71	5.27	1.6	-1	0	0	-7.27	232.50	
126	83113.40	38.391	3.3	7.85	268.53	-13.611	-1.099	0	0	2.89	6.97	2.1	-1	0	0	-10.64	169.40	
127	84934.90	23.376	2.3	1.55	61.47	-14.526	0.183	0	0	2.12	3.17	2	-1	0	0	-8.81	147.70	
128	85621.50	17.212	3.15	4.2	84.67	-16.418	-0.61	0	0	3.05	5.69	2.65	-1	0	0	-4.51	219.90	
129	85979.70	9.705	2.95	1.3	22.83	-13.123	0.854	0	0	2.53	1.88	0.65	-1	0	0	-3.07	578.10	
130	87537.30	24.719	1.15	4.15	79.29	-13.611	1.038	0	0	0.97	2.74	0.65	-1	0	0	-20.45	292.50	
131	88719.20	16.357	2.15	5.3	74.65	-18.555	0.305	0	0	1.72	4.58	1.15	-1	0	0	-7.61	245.60	
132	89229.30	12.634	3.1	3.3	46.73	-13.062	-2.197	0	0	2.98	3.18	2.2	-1	0	0	-3.39	141.30	
133	91135.05	19.714	2.85	4.55	94.91	-11.169	0.61	0	0	2.7	5.5	2.35	-1	0	0	-5.84	203.85	
134	91733.25	11.78	3.45	3.75	50.27	-11.23	0.977	0	0	3.07	2.14	0.85	-1	0	0	-3.07	187.65	
135	92180.35	17.639	0.95	4.35	64.62	-13.794	-2.808	0	0	0.8	4.1	0.7	-1	0	0	-17.71	20.35	
136	92301.05	14.832	4.05	5.05	82.64	-15.137	-1.77	0	0	3.91	2.46	1.05	-1	0	0	-3.03	141.05	
137	92517.65	22.034	2.6	5.25	103.62	-13.611	-0.549	0	0	2.15	4.43	1.8	-1	0	0	-8.19	357.65	
138	92997.75	19.348	1	6.05	79.56	-12.573	0.488	0	0	0.83	2.72	0.5	-1	0	0	-18.63	223.35	
139	93683.85	10.559	3.05	1	23.61	-22.705	0.854	0	0	2.92	1.28	0.4	-1	0	0	-2.89	295.05	
140	93754.40	14.709	2.1	3.4	53.8	-12.939	1.16	0	0	1.98	2.97	1.5	-1	0	0	-5.93	365.60	
141	94487.15	18.738	2.3	2.8	65.39	-17.7	-0.549	0	0	2.2	4.1	2	-1	0	0	-6.82	483.95	
142	94790.50	10.986	4.4	1.8	44.33	-15.869	-2.197	0	0	4.3	0.26	0.15	-1	0	0	-2.05	172.90	
143	96130.55	13.794	1.85	1.6	31.52	-12.39	1.404	0	0	1.67	2.51	1.35	-1	0	0	-6.62	284.15	
144	96679.90	15.808	2.35	3.15	52.89	-16.602	-0.916	0	0	2.02	3.31	1.2	-1	0	0	-6.25	219.10	
145	98060.40	20.325	0.85	3.2	55.65	-16.113	0.122	0	0	0.6	2.99	0.4	-1	0	0	-27.02	370.80	
146	98850.75	13.306	4.2	3.45	63.98	-15.93	0.854	0	0	4.08	3.53	1.95	-1	0	0	-2.61	546.75	
147	98958.35	13.672	3.95	1.8	48.02	-23.438	1.343	0	0	3.8	0.73	0.35	-1	0	0	-2.88	39.95	
148	99837.65	13.55	2.05	3	46.1	-13.794	1.221	0	0	1.88	3.71	1.65	-1	0	0	-5.78	304.85	
149	100471.20	10.864	1.95	1.6	21.76	-12.756	2.197	0	0	1.61	1.27	0.95	-1	0	0	-5.39	324.00	
150	100842.40	36.621	4.15	6.8	269.53	-13.245	1.892	0	0	3.71	7.45	3.2	-1	0	0	-7.9	80.75	
151	101221.40	21.973	2.55	5.5	113.81	-15.137	-0.977	0	0	2.3	6.4	1.75	-1	0	0	-7.64	459.75	
152	101570.30	11.719	3.05	1.7	33.42	-14.221	1.282	0	0	2.93	1.05	0.7	-1	0	0	-3.2	194.25	
153	102665.50	14.343	0.45	3.4	33.63	-13.55	-0.183	0	0	0.35	0.94	0.25	-1	0	0	-33.22	60.70	
154	103903.10	15.442	2.15	4.85	64.9	-15.503	-1.953	0	0	2.04	4.25	1.5	-1	0	0	-6.06	69.50	
155	104306.60	9.399	1.45	1	13.66	-15.808	-1.953	0	0	1.33	1.47	0.8	-1	0	0	-5.66	473.00	
156	104851.30	22.705	2.4	5.2	114.49	-14.282	-1.648	0	0	2.04	5.95	1.55	-1	0	0	-8.92	403.30	
157	104572.90	12.817	4.6	1.9	47.25	-12.939	0	0	0	4.14	3.15	2.05	-1	0	0	-2.48	124.90	
158	105973.40	14.465	1.9	2.65	40.59	-13	1.77	0	0	1.36	2.71	0.9	-1	0	0	-8.53	296.55	
159	106257.80	12.024	2.05	3.45	39.21	-14.709	2.625	0	0	1.88	1.67	1.35	-1	0	0	-5.11	580.95	
160	106606.80	19.836	3.5	5.55	112.23	-14.099	-2.686	0	0	2.84	5.85	2	-1	0	0	-5.58	315.55	
161	107968.50	23.193	1.75	4.1	95.62	-11.597	0.244	0	0	1.01	4.11	1.25	-1	0	0	-18.37	448.55	
162	108144.50	32.654	2.9	6.6	196.9	-13.428	0.549	0	0	2.57	6.24	1.9	-1	0	0	-10.17	10.05	
163	109308.50	13	1.35	2.45	28.56	-13.916	1.526	0	0	1.02	1.41	0.85	-1	0	0	-10.21	559.75	
164	109905.50	9.583	1.95	1.5	16.98	-11.658	-0.427	0	0	1.41	0.44	0.15	-1	0	0	-5.42	542.30	
165	109999.00	10.986	1.4	3.4	32.49	-11.597	-1.709	0	0	1.33	1.28	0.15	-1	0	0	-6.61	21.40	
166	110639.20	13.123	1.5	2.3	32.22	-11.719	-1.526	0	0	1.36	2.97	0.8	-1	0	0	-7.75	47.20	
167	110726.10	10.193	2.95	0.9	24.32	-15.198	-2.991	0	0	2.86	0.45	0.35	-1	0	0	-2.85	134.10	
168	110928.30	12.451	1.55	3.5	43.44	-12.573	-0.122	0	0	1.44	3.79	1.25	-1	0	0	-6.93	336.25	
169	111188.50	9.155	1.9	0.5	13.37	-16.663	2.319	0	0	1.83	0.81	0.4	-1	0	0	-4.01	596.55	
170	112288.30	12.756	2.8	3.1	48.21	-10.254	0.916	0	0	2.72	3.59	2.65	-1	0	0	-3.76	467.50	
171	111859.00	9.827	0.65	1.6	14.25	-13.184	0.793	0	0	0.52	1.56	0.25	-1	0	0	-15.14	38.20	
172	112684.50	27.893	3.8	7	191.91	-8.972	-2.136	0	0	3.51	6.82	3	-1	0	0	-6.36	249.25	
173	113764.00	10.742	0.5	2.85	23.68	-11.108	0.305	0	0	0.4	0.23	0.15	-1	0	0	-21.42	100.05	
174	114186.80	10.071	3	5.75	56.44	-10.742	1.099	0	0	2.41	2.94	1.15	-1	0	0	-3.35	522.80	
175	114782.30	14.16	1.7	1.3	26.81	-10.864	-1.953	0	0	1.62	1.64	0.4	-1	0	0	-7	503.85	
176	114999.80	19.531	1.05	6.05	94.08	-9.216	-0.732	0	0	0.74	5.43	0.7	-1	0	0	-21.02	106.95	
177	115232.40	13	3.4	5.6	76.94	-10.254	0.366	0	0	2.86	4.74	2.4	-1	0	0	-3.64	339.55	
178	115509.00	14.587	1.85	3	40.55	-13.123	1.282	0	0	1.65	1.44	1.05	-1	0	0	-7.08	1.85	
179	116436.00	6.653	0.85	2.45	12.75	-14.221	-0.305	0	0	0.75	0.47	0.15	-1	0	0	-7.07	327.25	
180	116596.60	13.916	1.95	3.7	47.44	-12.39	3.235	0	0	1.87	1.75	1.6	-1	0	0	-5.95	487.85	
181	117043.40	13.306	1.1	1.1	16.49	-14.404	-2.136	0	0	1	0.83	0.5	-1	0	0	-10.64	320.15	
182	117763.00	13.123	1	2.1	23.71	-14.282	1.587	0	0	0.72	0.69	0.5	-1	0	0	-14.55	425.35	
183	117376.00	11.719	4.65	0.85	39.5	-12.756	0.732	0	0	4.55	3.87	3.7	-1	0	0	-2.06	38.45	
184	120168.80	13.123	0.65	4.5	39.52	-11.78	-0.122	0	0	0.51	1.39	0.4	-1	0	0	-20.48	373.60	
185	121005.60	9.583	3.9	0.15	22.32	-11.536	-2.258	0	0	3.1	0.24	0.15	-1	0	0	-2.47	596.00	
186	121539.80	32.41	1.9	5.25	156.8	-16.174	1.343	0	0	1.71	5.52	1.45	-1	0	0	-15.16	515.75	
187	122483.50	13.428	0.45	3.7	46.11	-14.771	1.953	0	0	0.33	3.7	0.35	-1	0	0	-32.34	230.65	
188	122283.80	13.55	1.85	3.35	42.7	-10.925	-2.075	0	0	1.75	3.15	1.2	-1	0	0	-6.2	31.00	
189	122895.50	23.621	1.75	4.05	86.12	-13.367	-1.465	0	0	1.49	3.01	1.05	-1	0	0	-12.72	28.30	
190	124496.60	38.269	1.4	6.55	200.94	-10.681	-1.892	0	0	1.18	5.64	1.05	-1	0	0	-26.04	400.65	
191	125314.30	25.33	1.7	3.55	84.84	-12.573	-2.136	0	0	1.51	4.11	1.4	-1	0	0	-13.39	603.85	
192	125984.50	13.062	2.65	3.45	43.52	-14.404	0.244	0	0	2.32	2.11	1.25	-1	0	0	-4.51	45.25	
193	126125.90	12.39	3.4	4.75	62.12	-10.132	1.587	0	0	3.25	3.98	2.15	-1	0	0	-3.05	186.65	
194	126582.80	16.846	3.4	4.3	77.15	-9.583	1.404	0	0	2.7	4.13	2.1	-1	0	0	-4.99	29.20	
195	127823.50	14.282	2.45	4.5	58.63	-10.01	0.183	0	0	2.35	4.19	1.4	-1	0	0	-4.86	41.15	
196	128611.40	17.212	3.85	5	110.39	-11.414	0.549	0	0	3.7	7.2	3.25	-1	0	0	-3.72	214.55	
197	129146.70	14.343	2.65	2.15	49.48	-13.184	-0.732	0	0	2.55	4.22	2.4	-1	0	0	-4.49	135.50	
198	129610.30	10.742	2.6	4.35	52.59	-9.888	-0.977	0	0	2.53	3.66	2.05	-1	0	0	-3.4	599.05	
199	129478.40	8.423	3.45	1.85	27.04	-11.902	-0.793	0	0	2.91	1.13	0.15	-1	0	0	-2.32	467.15	
200	129712.00	15.503	3.35	4.7	70.03	-11.353	2.563	0	0	2.92	1.36	1.05	-1	0	0	-4.25	86.40	
201	129696.00	9.399	1.8	1.4	21.3	-10.681	0.366	0	0	1.66	2.78	1.45	-1	0	0	-4.52	70.45	
202	130001.80	37.842	1.95	5.55	187.05	-12.634	0.732	0	0	1.66	5.58	1.35	-1	0	0	-18.21	376.15	
203	130078.90	12.146	1.55	3.25	36.78	-10.803	2.563	0	0	1.43	0.58	0.45	-1	0	0	-6.79	453.25	
204	130315.50	21.362	1.9	5.25	98.79	-10.376	-1.221	0	0	1.72	3.79	1.2	-1	0	0	-9.93	75.45	
205	130323.60	13.123	1.7	3.95	48.52	-13.245	-1.221	0	0	1.49	3.73	0.8	-1	0	0	-7.03	83.65	
206	130471.50	9.888	2.35	1.5	23.58	-10.498	-0.61	0	0	2.26	1.46	1.35	-1	0	0	-3.5	231.55	
207	130777.50	14.954	1.45	4.15	50.93	-10.254	1.709	0	0	1.36	1.52	1.15	-1	0	0	-8.8	537.50	
208	131277.20	19.959	1.1	4.8	76.89	-9.583	0.61	0	0	0.97	3.4	0.55	-1	0	0	-16.48	422.75	
209	133856.40	15.747	4.5	3.55	75.22	-10.681	-0.916	0	0	3.93	3.43	2.4	-1	0	0	-3.2	544.40	
210	135478.80	13.184	2.75	1.4	34.16	-11.536	-0.366	0	0	2.6	3.11	1.8	-1	0	0	-4.05	323.65	
211	135645.70	34.973	2.7	10.25	280.25	-11.475	-3.784	0	0	2.23	5.7	1.7	-1	0	0	-12.54	490.50	
212	135759.70	9.521	0.45	5.25	43.6	-13.611	-0.183	0	0	0.15	4.16	0.15	-1	0	0	-51.4	604.50	
213	137296.30	24.353	2.7	5.4	139.89	-10.864	1.16	0	0	2.54	7.22	2.3	-1	0	0	-7.67	297.95	
214	137810.50	15.625	3.65	3.7	73.25	-11.169	1.099	0	0	3.55	3.51	3.1	-1	0	0	-3.52	197.75	
215	137963.50	15.442	1.35	3.65	50.49	-9.583	-1.038	0	0	1.05	4.34	0.8	-1	0	0	-11.78	350.70	
216	138284.60	11.536	2.95	2.2	38.74	-9.766	2.38	0	0	2.82	1.91	0.95	-1	0	0	-3.27	57.40	
217	138525.30	11.902	0.75	3.15	30.58	-10.376	-1.587	0	0	0.59	3.58	0.55	-1	0	0	-16.23	298.15	
218	138620.10	9.705	2.55	4.4	41.83	-11.292	0	0	0	1.95	2.67	1.05	-1	0	0	-3.98	392.90	
219	138666.90	12.451	3.85	2.55	45.7	-12.146	-1.587	0	0	3.38	2.55	0.85	-1	0	0	-2.95	439.70	
220	139486.20	15.808	1.65	3.05	45.72	-12.512	1.648	0	0	1.31	3.09	1.3	-1	0	0	-9.64	30.20	
221	139615.10	12.207	1.1	3.8	34.3	-9.766	-0.244	0	0	1	1.46	0.15	-1	0	0	-9.74	159.10	
222	140021.20	29.785	2	5.75	146.83	-10.132	-0.061	0	0	1.49	6.01	1.25	-1	0	0	-15.95	565.20	
223	140416.00	15.381	2.85	3.65	65.48	-12.695	-2.075	0	0	2.71	4.35	2.4	-1	0	0	-4.54	345.55	
224	140509.70	19.836	3.05	6.6	122.46	-11.658	0.671	0	0	2.56	5.32	1.6	-1	0	0	-6.2	439.25	
225	141227.70	17.029	1.65	1.9	39.63	-10.498	-1.038	0	0	1.5	2.45	1.2	-1	0	0	-9.07	542.90	
226	141518.50	14.709	3.05	1.9	47.34	-11.658	0.977	0	0	2.7	3.3	2.4	-1	0	0	-4.35	219.35	
227	142137.80	11.597	1.25	4.3	43.41	-11.78	0.122	0	0	1.06	2.58	0.65	-1	0	0	-8.73	224.25	
228	142159.00	34.668	2.1	5.5	189.11	-11.902	-3.418	0	0	1.11	5.88	1.65	-1	0	0	-25.04	245.45	
229	144310.70	25.024	1.6	5.1	114.14	-11.963	-1.343	0	0	1.41	5.4	1.15	-1	0	0	-14.16	553.90	
230	145700.10	20.874	1.95	7.05	122.96	-12.695	0.793	0	0	1.45	5.95	1.2	-1	0	0	-11.52	100.10	
231	145791.30	10.315	4.8	1.15	37.17	-16.541	-0.977	0	0	4.71	1.2	0.15	-1	0	0	-1.75	191.30	
232	146302.50	24.475	1.1	5	96.35	-12.817	1.038	0	0	0.96	4.3	0.8	-1	0	0	-20.41	88.05	
233	147397.20	17.395	0.7	1.65	19.25	-13.306	-0.305	0	0	0.38	0.25	0.15	-1	0	0	-36.38	568.40	
234	147716.50	38.696	2.65	5.8	218.24	-14.587	2.502	0	0	2.33	5.86	2	-1	0	0	-13.29	273.25	
235	148871.30	15.32	4.15	4	75.5	-10.62	-1.343	0	0	3.95	4.47	2.75	-1	0	0	-3.1	199.30	
236	148984.70	11.353	1.15	2.8	29.29	-12.573	-1.404	0	0	1.05	2.68	0.65	-1	0	0	-8.61	312.65	
237	148935.60	22.034	2	6.65	133.14	-12.878	-0.305	0	0	1.82	6.22	1.1	-1	0	0	-9.67	263.60	
238	149473.30	24.109	2.1	5.55	119.04	-11.78	-0.854	0	0	1.9	5.45	1.45	-1	0	0	-10.16	186.85	
239	149819.20	17.09	2	5.75	86.41	-13.306	1.038	0	0	1.83	3.98	1.35	-1	0	0	-7.48	532.80	
240	150148.70	7.69	1.25	2.1	16.18	-12.634	-2.014	0	0	1.07	1.73	0.5	-1	0	0	-5.75	247.85	
241	150732.80	12.451	4.25	0.2	34.23	-11.658	-1.526	0	0	4.13	0.27	0.15	-1	0	0	-2.41	217.60	
242	150801.30	12.39	0.6	4.25	39.64	-12.512	-0.793	0	0	0.45	2.24	0.4	-1	0	0	-21.85	286.15	
243	150927.80	8.423	1.85	1.6	17.22	-12.329	-0.61	0	0	1.39	0.45	0.15	-1	0	0	-4.85	412.55	
244	151403.00	9.583	2.25	3.1	28.24	-10.864	-1.953	0	0	1.82	0.54	0.4	-1	0	0	-4.2	273.45	
245	151616.00	14.526	2.95	3.25	65.88	-10.986	2.625	0	0	2.43	3.61	2.35	-1	0	0	-4.77	486.35	
246	152025.70	15.991	3.45	3.15	61.23	-10.315	0.061	0	0	2.43	3.88	2.4	-1	0	0	-5.26	281.70	
247	153180.30	18.738	2.25	6.85	112.57	-10.315	0.916	0	0	2.09	5.94	1.2	-1	0	0	-7.16	207.50	
248	153833.20	10.376	2.95	4.65	53.53	-12.268	-0.061	0	0	2.83	5.15	1.75	-1	0	0	-2.93	246.00	
249	155365.80	11.414	3.6	1.75	32.29	-12.695	-1.587	0	0	2.9	2.72	1.7	-1	0	0	-3.15	549.80	
250	155459.50	15.32	2.15	2.5	46.99	-11.475	-1.099	0	0	2	3.43	1.85	-1	0	0	-6.12	29.05	
251	156259.30	29.48	3.05	5.45	164.57	-12.451	-1.221	0	0	2.82	6.73	2.3	-1	0	0	-8.37	214.50	
252	156166.30	9.155	1.2	4.2	32.64	-12.695	-2.38	0	0	1.1	2.31	0.4	-1	0	0	-6.64	121.45	
253	156853.00	14.16	2.85	6.4	84.84	-9.827	-1.465	0	0	2.71	4.21	1.95	-1	0	0	-4.18	193.75	
254	157104.80	9.827	1.3	1	11.64	-12.39	1.404	0	0	1.17	0.73	0.4	-1	0	0	-6.71	445.65	
255	157347.50	9.521	1.55	4	36.26	-11.108	-2.625	0	0	1.47	3.53	0.7	-1	0	0	-5.18	73.85	
256	158646.70	20.508	1.2	1.35	32.4	-34.424	-2.075	0	0	1.06	1.98	1	-1	0	0	-15.42	144.25	
257	160208.30	29.114	1.1	6.5	146.21	-13.489	0.244	0	0	0.93	4.93	0.9	-1	0	0	-25.17	477.10	
258	159897.80	8.423	0.45	10.65	76.61	-14.526	1.16	0	0	0.37	7.3	0.15	-1	0	0	-18.35	166.55	
259	163750.50	17.944	2.6	5.05	90.08	-13.672	0.671	0	0	2.42	5.92	1.9	-1	0	0	-5.94	332.90	
260	164919.80	10.803	2.8	1.05	24.91	-12.268	1.831	0	0	2.55	2.46	2.05	-1	0	0	-3.38	273.40	
261	166190.30	32.837	4.1	7.6	251.77	-13.977	0.854	0	0	3.83	8.83	2.8	-1	0	0	-6.86	315.15	
262	165947.30	12.878	4.6	4.6	70.53	-12.39	1.343	0	0	3.85	4.77	3.1	-1	0	0	-2.68	72.15	
263	166510.10	16.296	2.35	5.3	86.38	-12.512	0.61	0	0	2.13	6.27	1.45	-1	0	0	-6.11	20.50	
264	167204.30	12.695	1.85	1.1	22.71	-17.334	0.671	0	0	1.76	1.63	0.95	-1	0	0	-5.78	100.35	
265	167488.40	17.944	3.4	3.65	78.55	-13.062	-0.061	0	0	3.24	1.57	0.45	-1	0	0	-4.44	384.40	
266	168480.50	14.587	2.95	3.15	46.49	-14.099	-0.916	0	0	2.66	1.02	0.65	-1	0	0	-4.39	147.65	
267	168858.70	19.959	1.35	5.9	91.89	-19.775	0.916	0	0	1.22	4.42	1.05	-1	0	0	-13.13	525.85	
268	169052.30	18.799	3.7	3.45	82.68	-18.677	0.732	0	0	3.51	3.78	2.15	-1	0	0	-4.29	105.15	
269	169442.00	25.452	1.5	4.3	96.71	-23.01	-1.465	0	0	1.32	3.8	1.25	-1	0	0	-15.48	494.85	
270	171428.90	10.01	2.1	2.95	31.7	-10.315	-0.488	0	0	1.84	0.96	0.15	-1	0	0	-4.36	24.10	
271	171890.50	11.292	3.15	1.6	35.41	-11.047	0	0	0	2.63	3.53	2	-1	0	0	-3.43	485.70	
272	173689.60	17.883	4.8	3.25	96.21	-13.611	-1.038	0	0	4.49	5.17	3.6	-1	0	0	-3.19	441.60	
273	174072.50	19.104	3.1	4.8	99.45	-11.047	0.549	0	0	2.66	5.04	1.8	-1	0	0	-5.74	210.15	
274	173942.80	9.827	2.75	2.3	31.44	-13.184	-0.488	0	0	2.51	2.8	1.65	-1	0	0	-3.13	80.35	
275	174712.40	16.418	1.9	3.85	53.37	-10.925	2.075	0	0	1.8	2.97	0.7	-1	0	0	-7.3	235.60	
276	174620.50	9.644	3.6	1.6	29.07	-11.047	-0.427	0	0	3.46	2.09	1.8	-1	0	0	-2.23	143.70	
277	175028.50	20.63	1.7	6.05	105.75	-12.085	-1.709	0	0	1.53	5.45	1.35	-1	0	0	-10.79	551.65	
278	175353.50	25.146	3.6	6.1	161.28	-11.353	0.305	0	0	3.47	5.6	3	-1	0	0	-5.8	262.25	
279	175640.50	10.925	3.6	4.05	49.9	-11.108	0.305	0	0	3.47	2.27	0.15	-1	0	0	-2.52	549.35	
280	175675.00	16.296	0.45	4.05	48.39	-11.841	0.366	0	0	0.32	2.9	0.15	-1	0	0	-40.15	583.75	
281	175687.70	15.32	1.9	3.25	49.68	-15.991	-1.648	0	0	1.76	3.79	1.35	-1	0	0	-6.96	596.50	
282	176322.40	15.625	2.15	4.2	66.43	-10.01	0	0	0	2.02	4.9	1.8	-1	0	0	-6.2	2.40	
283	176799.70	14.771	3.15	3.25	57.16	-13.855	-0.305	0	0	2.99	0.86	0.35	-1	0	0	-3.95	479.65	
284	177027.50	17.151	3.25	6.25	105.41	-10.132	-0.244	0	0	3.02	6.37	1.75	-1	0	0	-4.55	93.15	
285	177263.40	12.817	1.95	3.15	43.59	-10.742	-0.305	0	0	1.72	3.83	1.7	-1	0	0	-5.94	329.00	
286	177608.30	21.851	2.55	6.05	128.69	-10.864	-0.244	0	0	2.22	6.33	2.1	-1	0	0	-7.87	59.55	
287	177662.00	9.094	2.2	1.1	16.34	-11.841	-2.991	0	0	1.96	0.49	0.35	-1	0	0	-3.7	113.20	
288	178135.50	25.696	1.25	5.6	114.08	-11.169	-1.465	0	0	0.87	4.22	0.7	-1	0	0	-23.74	586.70	
289	178323.50	17.456	2.35	4.4	77.72	-9.583	0	0	0	2.2	3.28	1.85	-1	0	0	-6.33	160.30	
290	178373.10	14.099	3.55	4.35	69.4	-11.353	2.014	0	0	3.43	4.32	2.45	-1	0	0	-3.29	209.90	
291	178767.50	13.184	2.05	3.65	48.7	-10.986	-0.305	0	0	1.94	4.11	1.55	-1	0	0	-5.44	604.35	
292	178890.70	44.922	3.35	5.65	256.17	-10.193	-0.488	0	0	2.11	6.3	2.15	-1	0	0	-17.07	113.05	
293	178909.50	11.169	1.45	4.45	44.22	-11.169	-0.488	0	0	1.29	2.67	0.6	-1	0	0	-6.91	131.90	
294	179127.30	14.587	2.5	4.5	61.18	-10.071	0.427	0	0	2.33	3.02	1.7	-1	0	0	-5.01	349.65	
295	179268.00	17.517	4.5	3.15	92.77	-12.146	-0.061	0	0	4.4	5.58	3.7	-1	0	0	-3.19	490.40	
296	179511.20	16.541	4.6	4.65	100.1	-11.353	-0.549	0	0	4.04	5.91	3.35	-1	0	0	-3.28	119.20	
297	179526.70	12.939	1.9	2.7	35.46	-9.705	-0.549	0	0	1.33	1.54	1.1	-1	0	0	-7.77	134.70	
298	180201.80	11.841	1.25	5.9	58.99	-10.132	3.174	0	0	1.13	4.22	0.7	-1	0	0	-8.37	195.40	
299	180227.70	12.878	2	4.7	51.28	-10.803	-1.282	0	0	0.97	4.45	0.75	-1	0	0	-10.58	221.25	
300	180849.30	45.532	2.9	5.6	267.03	-14.893	1.282	0	0	1.76	6.67	2.35	-1	0	0	-20.68	228.45	
301	182440.00	14.343	2.9	5.15	70.42	-10.986	1.404	0	0	2.78	3.2	2.1	-1	0	0	-4.13	590.45	
302	182831.80	21.545	1.05	6	106.26	-11.108	1.099	0	0	0.82	5.25	0.75	-1	0	0	-21.05	367.80	
303	184268.80	8.972	1.45	1.15	13.54	-11.963	-1.404	0	0	1.4	0.69	0.35	-1	0	0	-5.14	575.95	
304	184680.30	10.315	1.15	1.05	14.27	-12.512	-0.732	0	0	1.02	1.57	0.9	-1	0	0	-8.13	373.10	
305	184935.40	18.738	2.15	8.45	126.1	-15.015	-1.221	0	0	1.83	5.44	0.65	-1	0	0	-8.18	13.80	
306	186136.40	17.334	2.2	5.05	79.8	-12.085	-4.333	0	0	1.69	5.09	1.3	-1	0	0	-8.2	600.40	
307	186934.50	8.728	2	2.4	23.01	-11.047	1.404	0	0	1.89	2.38	0.45	-1	0	0	-3.69	169.70	
308	187069.20	22.644	0.95	4.15	73.36	-9.705	-2.441	0	0	0.64	3.3	0.6	-1	0	0	-28.22	304.35	
309	187883.50	9.949	2.85	3.9	39.67	-11.047	-0.061	0	0	2.46	3.86	1.15	-1	0	0	-3.23	504.25	
310	188563.60	14.709	2.55	3.7	52.69	-11.414	-0.916	0	0	2.09	3.01	0.6	-1	0	0	-5.64	570.00	
311	188934.00	14.465	2.35	5.25	70.14	-12.878	-2.869	0	0	1.83	4.15	1.1	-1	0	0	-6.33	326.05	
312	189716.50	36.316	3.25	7.15	264.11	-11.353	-1.526	0	0	2.3	7.96	2.6	-1	0	0	-12.63	494.05	
313	190236.20	14.832	2.85	3.75	57.28	-10.681	1.404	0	0	2.54	3.22	2.15	-1	0	0	-4.67	399.35	
314	190870.00	15.747	2.75	4.95	76.9	-11.597	0.061	0	0	2.63	4.39	2.4	-1	0	0	-4.79	418.85	
315	191492.70	13.916	2.5	4.5	60.88	-10.132	-1.343	0	0	1.88	2.75	1.9	-1	0	0	-5.92	427.05	
316	191080.80	13.367	3.85	4.85	65.28	-10.315	-0.305	0	0	3.68	3.26	1.5	-1	0	0	-2.91	15.20	
317	191840.90	12.573	2.55	2.45	39.32	-10.62	-0.488	0	0	2.35	2.52	1.4	-1	0	0	-4.29	160.90	
318	192096.10	12.817	2	4.45	54.25	-10.437	-1.16	0	0	1.83	4.78	1.55	-1	0	0	-5.61	416.10	
319	192494.90	13	4	3.2	53.81	-10.925	0.427	0	0	3.32	1.15	0.7	-1	0	0	-3.13	200.50	
320	192607.70	18.433	0.9	3.4	48.26	-11.23	-0.671	0	0	0.71	2.41	0.55	-1	0	0	-20.9	313.25	
321	193000.60	17.761	3.8	7.25	121.47	-11.475	0	0	0	3.29	6.37	2.5	-1	0	0	-4.32	91.80	
322	193423.00	8.179	1.85	2.15	21.76	-11.658	1.099	0	0	1.61	3	0.9	-1	0	0	-4.06	514.20	
323	193480.70	10.193	1.4	2.85	25.03	-11.78	-1.343	0	0	1.24	1.34	0.45	-1	0	0	-6.59	571.90	
324	194723.20	26.184	4.3	5.8	184.05	-11.536	-0.183	0	0	3.98	7.98	3.6	-1	0	0	-5.27	585.55	
325	194998.50	13.123	3.25	2.7	47.6	-10.803	0.671	0	0	3.12	1.54	1.35	-1	0	0	-3.36	246.45	
326	195292.80	38.818	3.25	5.5	196.46	-12.817	0.305	0	0	2.03	4.79	1.6	-1	0	0	-15.29	540.85	
327	195830.30	13.306	1.05	3.55	41.11	-11.719	-0.854	0	0	0.92	3.28	0.8	-1	0	0	-11.54	463.90	
328	196157.20	12.39	2.85	4.15	46.51	-11.536	-0.977	0	0	2.32	0.54	0.15	-1	0	0	-4.28	176.40	
329	196835.20	31.006	2.05	6.1	168.46	-12.634	-0.793	0	0	1.86	5.7	1.55	-1	0	0	-13.34	240.00	
330	197090.00	13.062	0.9	2.9	31.9	-21.729	1.038	0	0	0.79	2.16	0.5	-1	0	0	-13.21	494.80	
331	197084.20	16.357	4	13.8	220.91	-11.353	0.427	0	0	3.76	5.2	3.3	-1	0	0	-3.48	489.00	
332	197883.30	15.015	0.8	5.1	65.16	-15.564	-0.366	0	0	0.68	4.86	0.45	-1	0	0	-17.7	59.35	
333	198123.50	23.499	3.05	3.65	102.65	-13.794	0.366	0	0	2.44	5.76	2.25	-1	0	0	-7.7	299.45	
334	198144.30	17.639	1.55	5.05	77.47	-17.7	1.038	0	0	1.41	5.04	1.05	-1	0	0	-9.98	320.35	
335	198242.80	17.883	3.35	2.95	74.04	-15.991	1.282	0	0	3.11	4.06	2.4	-1	0	0	-4.59	418.80	
336	199210.00	14.954	2.75	3.15	56.33	-14.16	1.526	0	0	2.47	3.32	1.95	-1	0	0	-4.85	157.15	
337	199639.50	29.114	1.55	5.2	128.95	-15.137	2.563	0	0	1.14	4.21	1	-1	0	0	-20.34	586.70	
338	199958.70	30.579	2.45	5.15	162.88	-15.503	-0.244	0	0	2.03	5.59	2.1	-1	0	0	-12.06	291.50	
339	200784.30	15.747	1.55	3.75	54.17	-14.465	-0.122	0	0	1.42	3.46	1.2	-1	0	0	-8.89	502.75	
340	200847.50	28.564	3.75	5.7	171.29	-15.747	-2.441	0	0	3.19	6.4	2.3	-1	0	0	-7.16	565.95	
341	201714.30	11.841	2.3	0.95	20.55	-16.846	1.709	0	0	1.95	0.75	0.15	-1	0	0	-4.85	203.90	
342	201728.90	13.184	1.65	1.15	24.22	-20.386	1.709	0	0	1.56	1.46	0.35	-1	0	0	-6.77	218.50	
343	201956.20	10.071	2.85	2.45	27.77	-15.991	-1.892	0	0	2.61	0.27	0.15	-1	0	0	-3.08	445.80	
344	202550.50	16.846	2.25	7.35	105.8	-15.808	-0.488	0	0	2.09	5.23	1.15	-1	0	0	-6.45	425.75	
345	202610.50	13.611	2.75	3.35	55.55	-14.282	1.099	0	0	2.6	2.76	1.9	-1	0	0	-4.18	485.75	
346	203056.10	17.822	1.7	5.55	89.17	-16.846	-0.977	0	0	1.56	5.42	1.5	-1	0	0	-9.12	316.90	
347	203181.70	10.376	1.5	1.25	18.18	-16.479	0.122	0	0	1.38	1.57	1.05	-1	0	0	-6.01	442.50	
348	203451.00	25.818	4.5	6.1	177.56	-16.968	-2.563	0	0	3.8	7.32	3.3	-1	0	0	-5.44	97.35	
349	203830.80	41.321	3.95	5.05	218.21	-19.226	-0.549	0	0	2.37	5.2	2.1	-1	0	0	-13.98	477.25	
350	204260.50	11.719	0.95	2.15	24.01	-16.602	1.953	0	0	0.85	2.67	0.65	-1	0	0	-11.03	292.45	
351	204385.70	9.094	0.5	4.35	28.61	-15.991	-3.662	0	0	0.42	1.34	0.15	-1	0	0	-17.12	417.65	
352	206767.60	20.569	1.55	6.1	100.29	-15.259	-0.549	0	0	1.01	4.31	1.15	-1	0	0	-16.3	342.00	
353	206845.00	20.996	3.85	4.05	110.95	-18.311	1.526	0	0	3.58	5.93	2.6	-1	0	0	-4.69	419.35	
354	207230.00	35.706	3.25	6.3	228.27	-18.25	-2.502	0	0	2.73	7.24	2.2	-1	0	0	-10.45	189.95	
355	207470.70	19.287	4.7	5.1	128.67	-19.409	1.16	0	0	4.5	6.87	3.8	-1	0	0	-3.43	430.70	
356	207632.40	13.306	1.3	3.45	41.78	-19.287	-0.793	0	0	1.13	2.64	0.35	-1	0	0	-9.4	592.40	
357	207791.70	20.081	1.85	2.35	54.98	-16.968	4.211	0	0	1.57	2.67	1.45	-1	0	0	-10.22	137.30	
358	207973.00	19.348	1.4	4.6	70.32	-20.386	0.61	0	0	1.06	3.54	0.95	-1	0	0	-14.61	318.65	
359	209001.20	13	2.25	3.2	47.66	-17.212	0	0	0	2.08	3.41	1.8	-1	0	0	-4.99	118.00	
360	209534.50	10.986	2.5	2.55	31.61	-16.663	1.282	0	0	2.41	0.27	0.15	-1	0	0	-3.64	36.85	
361	209678.30	11.414	1.9	5.35	51.14	-19.409	1.465	0	0	1.79	1.19	0.3	-1	0	0	-5.1	180.70	
362	209766.40	36.011	2.45	5.05	189.19	-17.822	-1.465	0	0	2.08	6.03	1.85	-1	0	0	-13.88	268.80	
363	209833.60	13.184	4	4.75	65.48	-17.822	-0.122	0	0	3.9	1.41	0.8	-1	0	0	-2.71	336.00	
364	210043.30	27.161	2.9	8.35	191	-16.846	1.77	0	0	2.08	7.15	1.35	-1	0	0	-10.44	545.65	
365	210243.30	12.451	2.35	1.9	34.21	-17.944	1.587	0	0	2.14	3.11	2.1	-1	0	0	-4.65	131.25	
366	211279.50	10.803	1.95	2.2	23.55	-18.494	-0.183	0	0	1.33	0.73	0.2	-1	0	0	-6.51	553.05	
367	211530.80	26.733	3.45	4.7	135.17	-20.508	0.916	0	0	3.09	5.26	2.55	-1	0	0	-6.92	190.05	
368	211397.90	16.235	2.5	1.9	42.52	-17.212	0	0	0	2.35	2.5	2.1	-1	0	0	-5.52	57.10	
369	211907.30	13.367	2.25	2.7	43.78	-17.151	0.916	0	0	2.12	3.84	2	-1	0	0	-5.04	566.50	
370	214010.50	15.564	2.1	4.7	67.25	-16.602	-2.075	0	0	1.61	5.17	0.95	-1	0	0	-7.76	212.10	
371	214665.00	11.902	2.6	4.05	54.15	-16.357	-3.174	0	0	2.29	3.91	2	-1	0	0	-4.15	252.20	
372	215228.20	16.052	3.5	4.05	80.75	-16.052	-2.258	0	0	3.09	5.85	2.15	-1	0	0	-4.16	200.95	
373	216116.80	16.174	2.45	5.4	83.49	-15.442	-0.244	0	0	2.29	4.69	1.9	-1	0	0	-5.66	475.20	
374	217064.50	11.963	2.65	4.1	52.94	-15.747	-1.282	0	0	2.55	5.44	2.3	-1	0	0	-3.75	194.15	
375	217645.80	11.902	2.85	1	27.05	-16.296	1.648	0	0	2.48	2.39	1.8	-1	0	0	-3.83	160.95	
376	217601.50	11.108	1.65	2.7	29.87	-14.465	-1.77	0	0	1.56	1.48	1.35	-1	0	0	-5.7	116.70	
377	217682.60	33.203	4.4	6.9	245.66	-14.893	2.747	0	0	3.88	8.1	3.4	-1	0	0	-6.84	197.80	
378	217991.90	16.174	0.9	3	39.19	-15.564	-1.892	0	0	0.77	1.76	0.55	-1	0	0	-16.88	507.10	
379	218063.20	10.437	3.1	4.35	47.07	-16.846	-0.427	0	0	2.77	3.92	1.45	-1	0	0	-3.01	578.35	
380	218487.00	30.151	3.25	7.55	210.41	-14.771	0.366	0	0	2.84	7.48	1.8	-1	0	0	-8.51	387.80	
381	219933.00	20.081	2.1	5.2	96.01	-17.273	0.61	0	0	1.58	5.14	1.15	-1	0	0	-10.17	604.95	
382	220200.50	15.625	3.35	7.75	111.44	-16.663	-0.854	0	0	2.91	6.67	2	-1	0	0	-4.3	258.15	
383	220260.80	24.292	2.05	1.4	50.67	-49.744	-0.916	0	0	1.75	2.66	1.5	-1	0	0	-11.07	318.35	
384	220625.30	12.573	0.95	1.45	19.93	-24.109	-0.977	0	0	0.86	1.48	0.65	-1	0	0	-11.74	68.50	
385	220795.80	13.611	3	3.1	49.44	-15.869	0.793	0	0	2.68	2.31	0.85	-1	0	0	-4.06	239.05	
386	220881.60	18.982	3.15	3.15	84.39	-16.541	-1.892	0	0	2.98	4.99	2.95	-1	0	0	-5.09	324.80	
387	221002.80	31.921	4.1	6.15	220.9	-15.198	-1.831	0	0	3.65	6.96	2.8	-1	0	0	-6.99	445.95	
388	221112.70	26.062	3.55	5.45	158.22	-15.259	0.732	0	0	2.91	6.98	2.25	-1	0	0	-7.16	555.85	
389	221515.30	10.864	4.1	1.85	39.19	-15.137	2.136	0	0	3.76	0.72	0.35	-1	0	0	-2.31	344.15	
390	223502.00	19.592	2.65	4.85	96.53	-15.137	2.136	0	0	2.39	5.29	1.65	-1	0	0	-6.55	487.55	
391	224390.00	9.827	3.4	1.7	32.16	-16.479	-0.732	0	0	3.33	0.54	0.15	-1	0	0	-2.36	146.85	
392	224471.80	28.809	3.25	6.6	191.76	-15.991	-1.038	0	0	2.65	7.61	2.35	-1	0	0	-8.7	228.65	
393	224492.20	13.367	2.35	3.7	51.53	-19.287	-0.61	0	0	2.18	2.99	1.15	-1	0	0	-4.9	249.00	
394	225679.50	14.038	4.25	3.2	68.32	-17.883	0.671	0	0	4.08	4.78	3.2	-1	0	0	-2.75	207.45	
395	225708.40	19.592	1.7	5.05	82.39	-17.029	-2.38	0	0	1.22	4.31	1.1	-1	0	0	-12.81	236.40	
396	225873.70	22.827	2.6	3.2	86.55	-30.884	0.305	0	0	2.08	4.3	1.95	-1	0	0	-8.79	401.70	
397	226084.30	18.982	0.8	5.2	77.93	-16.968	0.671	0	0	0.57	4.69	0.6	-1	0	0	-26.76	228.25	
398	227615.50	13.306	2.35	4.35	55.81	-16.296	1.282	0	0	1.77	3.04	0.95	-1	0	0	-6.01	530.75	
399	227760.50	17.273	2.95	3.3	70.35	-17.395	-2.136	0	0	2.77	4.73	2.4	-1	0	0	-5	61.35	
400	228105.10	17.822	2.05	3.2	63.05	-14.771	0.854	0	0	1.88	4.31	1.7	-1	0	0	-7.59	405.90	
401	228148.30	16.174	3.9	2.9	81.28	-15.991	-0.061	0	0	3.78	6.06	3.25	-1	0	0	-3.43	449.05	
402	229127.00	16.418	3.25	4	66.24	-16.846	-0.122	0	0	2.72	3.17	0.15	-1	0	0	-4.83	198.95	
403	229580.50	20.996	2.05	6.05	98.1	-16.907	-1.526	0	0	1.72	3.65	1	-1	0	0	-9.74	38.15	
404	229974.50	16.296	3.05	4.3	82	-15.259	1.953	0	0	2.87	6.19	2.4	-1	0	0	-4.54	432.15	
405	230748.70	13.428	2.05	6	72.92	-15.686	1.038	0	0	1.99	4.96	1.3	-1	0	0	-5.41	591.90	
406	230872.50	14.587	3.05	2.75	55.11	-15.015	-0.61	0	0	2.91	3.35	2.45	-1	0	0	-4.02	101.25	
407	231322.30	40.039	1.75	7.7	250.91	-17.029	0.366	0	0	1.47	6.35	1.3	-1	0	0	-21.8	551.05	
408	232550.70	12.512	2.95	2.4	37.86	-15.198	0.549	0	0	2.84	1.34	0.7	-1	0	0	-3.52	550.70	
409	233017.40	11.23	2.6	4.25	49.56	-17.395	0.183	0	0	2.11	4.63	1.5	-1	0	0	-4.25	403.00	
410	233361.70	13.123	2.1	6.8	78.24	-17.029	-1.343	0	0	1.98	6.16	1.25	-1	0	0	-5.3	132.90	
411	234435.10	12.939	3.45	2.8	50.02	-18.799	-0.916	0	0	3.27	4.2	2.7	-1	0	0	-3.17	591.90	
412	234891.50	23.865	3.5	5.95	150.81	-17.029	0.549	0	0	3.18	6.88	2.45	-1	0	0	-6.01	433.90	
413	234492.20	13.184	2.45	5.25	64.64	-15.747	0.977	0	0	2.05	4.39	1.35	-1	0	0	-5.14	34.55	
414	235772.70	11.963	2.8	0.45	24.22	-23.926	-1.648	0	0	2.43	2.08	1.7	-1	0	0	-3.94	86.25	
415	236158.10	33.142	1.9	5.15	162.27	-15.93	-0.305	0	0	1.54	5.48	1.55	-1	0	0	-17.23	471.70	
416	236318.70	25.635	4.75	3.55	150.51	-18.616	0.366	0	0	4.54	6.17	3.85	-1	0	0	-4.52	17.90	
417	236357.60	20.02	2.35	4.4	88.84	-15.259	1.587	0	0	1.92	5.2	1.75	-1	0	0	-8.35	56.80	
418	236716.30	13.916	4.65	7.05	95.1	-13.306	0.671	0	0	4.04	4.69	2	-1	0	0	-2.76	415.55	
419	238014.80	12.573	1.85	5.4	55.51	-19.287	-0.916	0	0	1.14	3.79	0.6	-1	0	0	-8.84	485.25	
420	238097.00	13.977	2.1	5.5	70.49	-20.569	-0.366	0	0	1.81	5.13	1.2	-1	0	0	-6.17	567.40	
421	238264.00	13.916	2.15	2.6	44.75	-18.86	1.282	0	0	2.01	3.63	1.95	-1	0	0	-5.54	120.05	
422	239128.70	14.038	1.6	3.8	46.33	-17.822	-1.221	0	0	1.36	3.13	0.8	-1	0	0	-8.26	370.25	
423	239157.50	11.536	3.9	2.55	41.28	-17.578	-0.854	0	0	3.38	0.89	0.75	-1	0	0	-2.73	399.05	
424	240036.00	22.888	0.9	4.25	74.57	-15.686	-1.343	0	0	0.61	3.58	0.45	-1	0	0	-30.18	48.85	
425	240326.50	10.01	1.55	1.2	17.91	-23.804	-0.305	0	0	1.41	1.94	1	-1	0	0	-5.69	339.35	
426	240390.30	46.631	2.65	8.3	350.74	-19.531	0.549	0	0	2.22	8.58	2.05	-1	0	0	-16.79	403.15	
427	240506.30	16.113	2.35	4.1	65.45	-20.325	-1.16	0	0	1.34	5.1	1.15	-1	0	0	-9.65	519.15	
428	240669.30	23.56	3.35	4.3	123.27	-17.761	0.61	0	0	3.16	6.35	2.55	-1	0	0	-5.96	67.70	
429	241051.90	10.803	0.65	2.45	18.13	-17.334	-0.183	0	0	0.54	0.25	0.15	-1	0	0	-16.14	450.30	
430	241686.80	11.353	2.95	3.2	38.87	-17.273	-0.427	0	0	2.36	2.18	1.75	-1	0	0	-3.85	470.85	
431	241733.40	34.607	3.95	7.85	267.43	-23.926	-2.686	0	0	3.48	8.39	2.45	-1	0	0	-7.97	517.40	
432	241776.20	22.461	3.4	6.95	160.24	-16.479	0.488	0	0	3.22	8.91	2.7	-1	0	0	-5.58	560.15	
433	241958.30	20.569	1.5	4.3	80.5	-16.479	1.77	0	0	1.36	4.14	1.3	-1	0	0	-12.08	127.85	
434	242089.50	16.602	3.6	4.95	93.29	-15.381	1.526	0	0	3.32	5.37	2.8	-1	0	0	-4	259.15	
435	242239.50	13.794	3.1	0.85	27.34	-27.771	-1.221	0	0	2.23	2.12	1.8	-1	0	0	-4.96	409.10	
436	242520.70	23.682	1.85	3.65	88.11	-35.767	-0.183	0	0	1.66	4.16	1.4	-1	0	0	-11.41	75.90	
437	242795.60	12.207	2.05	3.4	41.69	-19.531	-0.916	0	0	1.9	2.57	1.25	-1	0	0	-5.13	350.80	
438	242737.00	11.23	0.95	4.3	38.73	-24.353	-1.282	0	0	0.82	2.12	0.3	-1	0	0	-10.94	292.15	
439	244491.20	9.644	1.35	2.9	25.98	-22.644	0.732	0	0	0.93	1.63	0.95	-1	0	0	-8.26	203.15	
440	245384.30	18.188	2.95	4.75	81.47	-27.344	0.427	0	0	2.61	3.25	1.7	-1	0	0	-5.58	481.90	
441	245436.00	21.24	2.85	3.2	87.16	-28.687	-0.549	0	0	2.63	4.81	2.35	-1	0	0	-6.47	533.55	
442	246629.30	36.926	4.6	7.3	293.49	-29.785	-0.427	0	0	4.01	9.17	3.55	-1	0	0	-7.38	498.05	
443	246781.80	26.306	2.8	3.9	116.98	-30.334	0.366	0	0	2.66	5.72	1.95	-1	0	0	-7.91	36.15	
444	246752.80	13.977	1	4.15	46.25	-31.25	-0.671	0	0	0.88	2.6	0.4	-1	0	0	-12.78	7.15	
445	250320.70	12.695	1.2	6.6	58.67	-59.448	0.061	0	0	0.9	0.77	0.35	-1	0	0	-11.23	503.05	
446	251004.00	13.794	4.25	2.3	60.3	-52.734	0.854	0	0	4.1	4.57	3.55	-1	0	0	-2.69	572.00	
447	251318.30	20.874	1.5	7.95	124.1	-41.382	-1.953	0	0	1.38	5.8	1.15	-1	0	0	-12.1	271.90	
448	251214.80	10.925	0.85	1.4	13.92	-47.18	-0.366	0	0	0.76	0.59	0.45	-1	0	0	-11.49	168.45	
449	251500.10	10.315	0.75	1.9	16.09	-51.88	2.197	0	0	0.58	1.16	0.3	-1	0	0	-14.22	453.70	
450	252453.40	17.151	2.7	6.4	95.96	-53.345	-0.916	0	0	2.53	5.42	1.55	-1	0	0	-5.42	178.20	
451	252475.30	22.644	4.5	6.5	146.18	-54.688	1.77	0	0	4.3	5.99	2.15	-1	0	0	-4.21	200.10	
452	252700.50	21.301	3.6	2.9	88.15	-49.805	0.305	0	0	3.45	4.37	2.95	-1	0	0	-4.94	425.30	
453	253630.20	12.39	3.9	2.7	42.69	-31.25	-0.305	0	0	2.58	2.69	1.5	-1	0	0	-3.84	126.20	
454	253658.20	16.479	1.6	5.65	86.69	-28.015	1.648	0	0	1.49	5.92	1.1	-1	0	0	-8.82	154.20	
455	253672.80	19.775	3.6	4.4	107.3	-29.48	0.977	0	0	3.32	6.73	2.7	-1	0	0	-4.76	168.75	
456	253927.80	13.184	2.4	4.9	61.09	-27.1	-0.671	0	0	2.24	4.5	1.35	-1	0	0	-4.72	423.85	
457	254065.90	15.442	2.35	4.65	68.71	-26.306	-0.488	0	0	2.22	3.6	1.7	-1	0	0	-5.57	561.90	
458	254787.00	12.756	1.15	1.25	19.29	-25.024	1.77	0	0	0.92	1.41	0.75	-1	0	0	-11.09	54.15	
459	255127.10	14.954	1.75	2.05	31.74	-26.001	1.221	0	0	1.65	2.17	1.1	-1	0	0	-7.23	394.30	
460	255560.00	17.517	2.45	2.05	43.34	-20.63	-1.221	0	0	2.15	1.87	1.45	-1	0	0	-6.51	212.85	
461	256069.60	43.64	3.45	7.5	334.87	-25.024	0.244	0	0	2.44	8.18	2.35	-1	0	0	-14.32	108.00	
462	256269.50	14.099	3.9	2.05	53.42	-23.987	0.549	0	0	3.81	2.92	2.8	-1	0	0	-2.96	307.90	
463	256502.80	9.46	1.95	2	22.54	-23.865	0.122	0	0	1.84	0.31	0.15	-1	0	0	-4.11	541.25	
464	257405.60	20.813	1.35	2.05	49.14	-58.289	-2.502	0	0	0.58	2.81	0.9	-1	0	0	-28.62	215.20	
465	257549.20	20.508	4	4.95	112.63	-57.495	0.916	0	0	2.76	5.87	2.45	-1	0	0	-5.95	358.75	
466	257654.80	23.987	2.4	5.65	117.01	-60.669	-0.366	0	0	1.96	5.13	1	-1	0	0	-9.8	464.40	
467	257688.80	17.7	3.6	2.95	62.41	-50.781	2.38	0	0	2.74	3.83	1.2	-1	0	0	-5.17	498.35	
468	258266.40	26.062	3.05	5.4	143.02	-49.866	0.305	0	0	2.66	5.69	1.95	-1	0	0	-7.83	461.60	
469	258672.90	19.287	2.45	3.6	71.41	-42.908	1.099	0	0	2.23	3.15	1.6	-1	0	0	-6.93	253.70	
470	258502.80	17.334	4	7.45	105.09	-46.814	0.366	0	0	1.6	3.75	0.6	-1	0	0	-8.65	83.55	
471	259023.30	23.193	4	6.75	151.18	-42.175	-2.502	0	0	3.59	7.5	2.7	-1	0	0	-5.17	604.05	
472	259445.30	19.287	2.65	3	63.71	-47.668	-0.244	0	0	2.28	3.78	1.65	-1	0	0	-6.78	411.65	
473	259457.40	25.208	2.7	4.1	103.2	-47.607	1.892	0	0	1.35	3.65	1.15	-1	0	0	-14.92	423.80	
474	259495.10	17.883	2.85	2.9	58.98	-48.828	1.77	0	0	2.15	2.89	0.85	-1	0	0	-6.67	461.50	
475	259557.40	12.329	2.4	1.9	32.28	-58.289	-1.831	0	0	2.31	2.12	0.9	-1	0	0	-4.27	523.80	
476	259550.30	14.526	2.15	2.05	36.87	-52.734	0.854	0	0	2.02	2.78	1.2	-1	0	0	-5.74	516.75	
477	260132.10	17.639	1.05	5.05	70.21	-54.626	-1.404	0	0	0.78	4.31	0.65	-1	0	0	-18.08	484.10	
478	261696.30	33.63	3.6	5	197.19	-54.199	0.122	0	0	3.28	6.79	2.65	-1	0	0	-8.21	205.10	
479	261669.50	10.132	1.95	2.6	26.08	-52.917	-3.235	0	0	1.61	1.3	0.9	-1	0	0	-5.02	178.35	
480	261765.00	18.677	4.7	3.55	106.18	-50.171	-0.549	0	0	4.54	4.72	3.9	-1	0	0	-3.29	273.80	
481	261831.70	19.775	1.7	6.65	110.67	-50.842	0.366	0	0	1.37	5.35	0.8	-1	0	0	-11.52	340.50	
482	262147.10	16.357	3.4	6.9	103.84	-52.917	0.183	0	0	3.06	4.49	2.45	-1	0	0	-4.28	41.50	
483	263501.40	19.409	3.2	5.05	100.62	-55.176	-4.883	0	0	2.69	6.06	2.1	-1	0	0	-5.77	167.05	
484	263879.90	22.339	3.55	8	174.46	-51.941	1.465	0	0	3.38	7.53	2.55	-1	0	0	-5.29	545.50	
485	265461.30	19.104	2.7	3.85	71.93	-42.114	-0.183	0	0	1.9	3.2	1.55	-1	0	0	-8.03	283.75	
486	265556.80	14.648	3	2.5	51.21	-44.8	-1.343	0	0	2.83	2.99	1.9	-1	0	0	-4.15	379.20	
487	265725.30	26.367	3.8	7.8	186.28	-43.945	-0.183	0	0	3.43	7.17	2.25	-1	0	0	-6.15	547.70	
488	265909.60	56.641	1.75	6.4	331.19	-38.696	1.221	0	0	1.03	6.41	1.35	-1	0	0	-43.84	117.55	
489	266456.80	40.771	2.45	5.1	201.86	-36.438	0.366	0	0	2.08	4.91	2.05	-1	0	0	-15.66	50.40	
490	266723.60	10.864	3.55	1.2	28.54	-36.499	-2.197	0	0	3.44	1.55	1.15	-1	0	0	-2.53	317.20	
491	266933.30	23.193	1.4	7	125.56	-39.978	0.244	0	0	1.17	5.65	0.75	-1	0	0	-15.92	526.85	
492	267482.10	24.231	1.35	3.15	76.78	-50.171	-0.549	0	0	1.11	3.23	1.15	-1	0	0	-17.5	461.25	
493	267454.20	11.597	1.9	0.75	17.53	-49.805	1.038	0	0	1.77	0.75	0.5	-1	0	0	-5.24	433.35	
494	268582.30	9.705	1.9	2.65	26.66	-46.082	-0.916	0	0	1.8	0.76	0.65	-1	0	0	-4.3	332.65	
495	271140.60	25.085	1.8	4.2	94.15	-40.527	1.648	0	0	1.28	4.22	1.25	-1	0	0	-15.67	433.35	
496	271047.80	14.526	1.85	5.1	65.02	-40.71	-2.93	0	0	1.72	4	1.45	-1	0	0	-6.74	340.65	
497	271503.80	31.799	1.95	4.85	134.95	-46.082	2.502	0	0	1.7	3.71	1.55	-1	0	0	-14.99	182.15	
498	272315.80	20.447	1.05	4.6	73.61	-40.161	0.488	0	0	0.84	3.53	0.55	-1	0	0	-19.52	379.80	
499	273552.80	12.756	0.95	3.8	40.33	-33.508	1.099	0	0	0.83	3.25	0.6	-1	0	0	-12.34	388.05	
500	273579.60	11.719	1.5	7.15	65.24	-34.912	0.732	0	0	1.29	1.28	0.2	-1	0	0	-7.27	414.80	
