500	Time (ms)	Amplitude	Rise (ms)	Decay (ms)	Area	Baseline	Noise	Group	Channel	10-90Rise	HalfWidth	Rise50	Peak Dir	Burst#	BurstE#	10-90Slope	Rel Time	
1	28.00	34.622	2.95	4.15	141.17	-54.214	-1.581	0	0	1.83	4.05	1.55	-1	0	0	-15.15	28.00	
2	104.85	56.576	3.25	6.5	345.53	-54.011	2.216	0	0	1.94	6.57	2.15	-1	0	0	-23.3	104.85	
3	301.05	43.182	2.05	4.6	200.07	-56.218	0.892	0	0	1.41	5.41	1.3	-1	0	0	-24.47	301.05	
4	554.25	58.479	2.1	5.1	274.92	-57.725	-1.296	0	0	1.79	5.19	1.5	-1	0	0	-26.09	554.25	
5	640.05	22	1.7	4.45	78.9	-54.627	1.618	0	0	1.26	2.37	1.05	-1	0	0	-13.96	25.65	
6	1359.45	32.021	3.3	4.7	155.69	-54.545	0.092	0	0	2.33	5.36	2	-1	0	0	-10.99	130.65	
7	1375.00	28.702	1.8	3.4	106.81	-57.303	-1.085	0	0	1.59	3.73	1.6	-1	0	0	-14.46	146.20	
8	1381.00	19.426	1.4	1.75	41.02	-61.964	-1.085	0	0	1.26	2.76	1.1	-1	0	0	-12.32	152.20	
9	1497.25	13.395	1.9	2.25	35.65	-54.765	-0.579	0	0	1.59	2.77	1.35	-1	0	0	-6.74	268.45	
10	1554.80	19.564	3.15	4.35	87.68	-54.443	1.14	0	0	2.42	5.05	1.9	-1	0	0	-6.46	326.00	
11	1656.40	10.287	2.1	2.95	30.13	-56.907	-2.096	0	0	1.49	1.03	0.2	-1	0	0	-5.54	427.60	
12	1832.30	36.93	4.65	5.45	257.66	-54.526	0.901	0	0	4.15	8.21	3.6	-1	0	0	-7.13	603.50	
13	2038.10	21.2	1.8	16.65	382.06	-54.912	-3.006	0	0	1.65	5.28	1.3	-1	0	0	-10.27	194.90	
14	2045.65	39.44	2.15	4.55	185.27	-59.38	-3.006	0	0	1.99	4.98	1.4	-1	0	0	-15.85	202.45	
15	2100.05	7.493	0.4	3.6	19.4	-56.512	2.409	0	0	0.28	0.46	0.35	-1	0	0	-21.31	256.85	
16	2349.75	37.472	1.65	5.8	182.29	-50.398	0.984	0	0	1.09	4.9	1	-1	0	0	-27.41	506.55	
17	2864.05	20.363	4.05	3.6	79.57	-54.535	0.653	0	0	2.85	4.04	0.55	-1	0	0	-5.71	406.45	
18	2992.00	68.537	2.35	5.6	362.31	-54.306	-1.526	0	0	1.18	5.47	1.75	-1	0	0	-46.33	534.40	
19	2492.70	9.092	1	1.5	15.02	-54.811	-0.579	0	0	0.91	1.12	0.2	-1	0	0	-7.98	35.10	
20	3204.85	28.068	4.3	7.1	193.57	-51.603	1.094	0	0	3.62	6.12	2.9	-1	0	0	-6.2	132.85	
21	3217.50	22.358	1.2	5.8	107.3	-54.471	1.094	0	0	1.03	5.28	0.45	-1	0	0	-17.33	145.50	
22	3404.10	14.25	2	0.6	26.84	-51.676	-1.131	0	0	1.8	2.11	1.6	-1	0	0	-6.33	332.10	
23	3439.15	19.803	2.35	2.8	66.44	-52.908	-2.979	0	0	2.05	3.67	1.85	-1	0	0	-7.73	367.15	
24	3508.65	77.022	1.95	5.3	367.18	-51.281	-0.524	0	0	0.87	5.19	1.4	-1	0	0	-71.16	436.65	
25	4060.20	20.29	2.2	1.95	56.46	-56.889	0.8	0	0	2.11	1.8	1.1	-1	0	0	-7.71	373.80	
26	4383.15	15.316	1.4	2.3	31.42	-56.448	1.14	0	0	1.27	1.02	0.55	-1	0	0	-9.64	82.35	
27	4571.90	22.119	3.7	6.2	144.08	-52.118	-1.627	0	0	3.44	5.5	2.15	-1	0	0	-5.15	271.10	
28	4600.25	29.327	1.2	3.75	95.83	-54.719	-0.496	0	0	1.01	3.81	0.9	-1	0	0	-23.3	299.45	
29	4678.95	9.892	0.35	1.95	17.69	-54.122	3.273	0	0	0.26	2.01	0.15	-1	0	0	-30.54	378.15	
30	4918.45	26.587	1.4	3.55	87.78	-49.884	0.671	0	0	1.23	3.57	0.9	-1	0	0	-17.33	3.25	
31	5093.10	24.896	1.4	4.65	95.59	-57.275	-3.218	0	0	1.21	3.3	0.45	-1	0	0	-16.42	177.90	
32	5255.30	9.589	1.25	1	14.39	-56.061	-0.129	0	0	1.17	0.49	0.2	-1	0	0	-6.57	340.10	
33	5274.20	22.8	2.85	3.15	85.46	-53.634	-1.673	0	0	2.47	4.12	1.85	-1	0	0	-7.39	359.00	
34	5418.10	25.539	1.7	2.6	74.58	-55.115	-1.636	0	0	1.48	3.54	1.4	-1	0	0	-13.76	502.90	
35	5441.25	32.655	1.85	3.15	114.22	-54.048	-1.544	0	0	1.07	3.79	1.55	-1	0	0	-24.42	526.05	
36	5575.05	56.512	1.7	4.6	236.8	-52.605	2.694	0	0	1.4	4.93	1.25	-1	0	0	-32.19	45.45	
37	5725.60	37.96	1.9	4.4	163.99	-51.906	0.561	0	0	1.65	5.09	1.4	-1	0	0	-18.39	196.00	
38	5905.05	79.1	4.5	6.65	604.79	-54.894	-0.101	0	0	4.01	9.15	3.8	-1	0	0	-15.77	375.45	
39	5984.60	15.583	2.7	0.9	38.73	-53.68	-0.12	0	0	2.51	2.85	2.1	-1	0	0	-4.97	455.00	
40	6132.05	33.85	1.25	3.35	109.54	-52.761	-2.593	0	0	1.1	3.45	0.95	-1	0	0	-24.7	602.45	
41	6213.00	20.097	1.55	3.45	62.04	-54.361	-0.69	0	0	1.3	2.21	0.95	-1	0	0	-12.35	69.00	
42	6266.10	30.862	1.4	4.35	125.25	-54.774	-0.772	0	0	1.09	4.33	1.1	-1	0	0	-22.62	122.10	
43	7172.75	39.624	1.1	4	137.69	-57.891	1.977	0	0	0.92	3.67	0.75	-1	0	0	-34.32	414.35	
44	7225.95	24.473	1.7	3.5	86.28	-57.799	-1.168	0	0	1.51	3.59	1.25	-1	0	0	-12.95	467.55	
45	7269.05	14.241	2.6	2.25	42.61	-55.05	-0.441	0	0	2.31	1.85	1.45	-1	0	0	-4.92	510.65	
46	7275.00	40.442	1.55	4.85	176.54	-64.372	1.204	0	0	1.33	4.33	1.25	-1	0	0	-24.35	516.60	
47	7579.85	44.386	1.6	4.75	183.64	-52.586	-0.184	0	0	1.21	4.58	1.15	-1	0	0	-29.27	207.05	
48	7870.35	51.014	1.65	4.5	203.19	-52.642	1.508	0	0	1.24	4.04	1.1	-1	0	0	-32.99	497.55	
49	7952.85	28.113	2.25	3.6	106.16	-54.223	-0.634	0	0	1.75	4.27	1.55	-1	0	0	-12.85	580.05	
50	8042.15	34.08	1.95	4.35	135.12	-53.791	-0.34	0	0	1.13	3.83	1.4	-1	0	0	-24.2	54.95	
51	8131.30	26.376	3.05	2.5	97.1	-53.23	-0.322	0	0	2.74	3.96	2.3	-1	0	0	-7.71	144.10	
52	8456.65	16.934	4.5	3.95	88.76	-57.781	-1.655	0	0	3.77	3.71	2.45	-1	0	0	-3.59	469.45	
53	8473.60	46.988	1.6	4.4	201.81	-55.565	-1.655	0	0	1	4.89	1.05	-1	0	0	-37.76	486.40	
54	8729.85	25.714	1.65	3.35	74.14	-53.91	2.602	0	0	0.93	2.86	0.85	-1	0	0	-22.18	128.25	
55	8750.40	27.525	1.65	2.8	77.53	-56.043	-0.377	0	0	1.33	3.85	1.15	-1	0	0	-16.61	148.80	
56	9046.95	33.023	2.15	5.05	141.56	-58.038	-1.526	0	0	1.45	4.14	1.5	-1	0	0	-18.23	445.35	
57	9102.45	15.813	2	2.3	45.25	-55.703	0.331	0	0	1.84	2.91	1.8	-1	0	0	-6.88	500.85	
58	9257.60	60.575	1.6	4.1	220.32	-54.388	-1.011	0	0	1.15	4.02	0.95	-1	0	0	-42.07	41.60	
59	9537.10	13.588	0.4	3.95	45.24	-58.351	-1.655	0	0	0.35	3.64	0.15	-1	0	0	-31.32	321.10	
60	9484.00	12.163	1.05	2.95	28.46	-49.948	-2.455	0	0	0.96	0.33	0.15	-1	0	0	-10.19	268.00	
61	9840.75	12.218	1.15	2	22.42	-54.692	-0.984	0	0	1.05	0.72	0.5	-1	0	0	-9.33	10.35	
62	9916.65	38.263	2.35	4.7	178.06	-52.338	-0.827	0	0	2.15	5.18	1.95	-1	0	0	-14.25	86.25	
63	10188.25	21.071	1.45	6.1	109.81	-48.109	-0.864	0	0	0.94	5.12	0.75	-1	0	0	-17.85	357.85	
64	10305.55	47.227	1.4	4.75	203.73	-53.938	-1.076	0	0	1.26	4.34	1.1	-1	0	0	-30	475.15	
65	10459.10	37.969	0.95	4.7	146.96	-52.292	-2.832	0	0	0.78	4.35	0.6	-1	0	0	-38.76	14.30	
66	10705.10	22.211	1.25	4.25	80.2	-50.334	-1.544	0	0	1.16	2.63	0.9	-1	0	0	-15.36	260.30	
67	10738.90	16.668	0.7	2.65	40.54	-50.564	1.738	0	0	0.54	2.95	0.45	-1	0	0	-24.89	294.10	
68	10765.30	32.039	1.85	3.45	104.1	-51.612	-2.39	0	0	1.69	3.41	1.3	-1	0	0	-15.14	320.50	
69	10858.10	61.164	2.05	4.7	282.47	-52.439	1.011	0	0	0.9	5.03	1.8	-1	0	0	-54.28	413.30	
70	11117.90	55.243	2.6	6.6	372.31	-52.908	-1.636	0	0	1.5	7.92	2	-1	0	0	-29.53	58.70	
71	11174.90	14.562	1.95	2.65	39.31	-55.822	-0.653	0	0	1.64	3.15	1.2	-1	0	0	-7.1	115.70	
72	11555.75	14.351	2.2	2.7	45.56	-53.303	-1.296	0	0	2.03	2.52	0.7	-1	0	0	-5.66	496.55	
73	11661.10	16.429	1.6	3.9	54.88	-53.763	-2.537	0	0	1.49	0.74	0.6	-1	0	0	-8.83	601.90	
74	11667.55	60.272	1.9	3.85	248.28	-56.705	-2.537	0	0	1.22	4.44	1.6	-1	0	0	-39.38	608.35	
75	11825.00	39.035	1.3	4.25	141.54	-53.708	-0.524	0	0	1.03	3.89	0.85	-1	0	0	-30.23	151.40	
76	11946.10	26.606	2.85	5.3	141.9	-51.584	-1.609	0	0	2.71	5.89	2.2	-1	0	0	-7.84	131.70	
77	12228.35	15.151	1.45	2.15	37.04	-53.202	1.149	0	0	1.32	2.94	0.85	-1	0	0	-9.15	413.95	
78	12185.35	11.023	1.75	4.05	39.4	-52.66	-1.829	0	0	1.64	2.64	0.35	-1	0	0	-5.39	370.95	
79	12407.90	15.307	0.95	6.15	70.39	-52.678	-0.046	0	0	0.78	1.67	0.5	-1	0	0	-15.69	593.50	
80	13030.10	16.328	1.05	2.45	34.8	-54.774	-1.508	0	0	0.8	2.12	0.6	-1	0	0	-16.33	601.30	
81	13493.80	41.701	2.7	6.2	247.84	-49.994	-0.331	0	0	2.49	6.24	1.9	-1	0	0	-13.42	450.60	
82	13504.45	43.908	2.75	6.9	300.09	-54.324	-0.331	0	0	2.21	7.81	2	-1	0	0	-15.89	461.25	
83	13802.95	38.502	3.35	6.45	233.11	-48.964	-0.791	0	0	2.81	6.84	2	-1	0	0	-10.96	145.35	
84	13853.25	46.675	2.1	3.25	174.66	-48.265	-0.625	0	0	1.78	4.32	1.7	-1	0	0	-21.02	195.65	
85	13878.25	12.806	0.9	1.9	21.56	-49.314	1.204	0	0	0.75	1.07	0.75	-1	0	0	-13.68	220.65	
86	14379.95	55.813	1.85	5.6	270.46	-50.555	-1.223	0	0	0.71	5.35	1.1	-1	0	0	-63.04	107.95	
87	14495.35	14.811	3.05	2.85	47.37	-50.555	0.745	0	0	2.44	1.17	0.75	-1	0	0	-4.86	223.35	
88	14620.05	25.539	2.35	3.6	96.91	-49.617	3.071	0	0	2.09	3.44	1.7	-1	0	0	-9.79	348.05	
89	14837.35	19.279	1.3	3.15	56.52	-51.814	-2.648	0	0	1.14	3.78	0.95	-1	0	0	-13.55	565.35	
90	14946.95	35.735	2.05	3.65	136.41	-49.773	0.202	0	0	1.77	5.07	1.55	-1	0	0	-16.11	60.55	
91	15144.50	16.567	1.65	2.9	50	-49.47	-0.929	0	0	1.47	3.44	1.25	-1	0	0	-8.99	258.10	
92	15621.65	47.098	1.7	4.4	188.19	-51.787	-0.221	0	0	1.36	4.24	1.3	-1	0	0	-27.69	120.85	
93	15846.50	19.83	2.35	4.75	85.29	-49.948	-0.285	0	0	2.12	3.82	1.7	-1	0	0	-7.49	345.70	
94	16227.10	53.074	1.55	4.25	206.36	-51.005	0.717	0	0	1.18	4.68	1.15	-1	0	0	-36.07	111.90	
95	16246.05	26.394	4.55	4.8	141.44	-52.228	-1.048	0	0	3.33	5.87	2.2	-1	0	0	-6.34	130.85	
96	16319.10	12.2	0.8	1.55	17.4	-51.787	-2.501	0	0	0.69	1.3	0.35	-1	0	0	-14.06	203.90	
97	16382.35	25.622	1.65	4.25	88.68	-50.141	-1.71	0	0	1.3	4.06	0.9	-1	0	0	-15.79	267.15	
98	16887.45	24.997	2.6	5.1	124.82	-49.718	-0.322	0	0	2.35	4.6	1.8	-1	0	0	-8.52	157.85	
99	17109.25	43.926	1.45	4.6	173.14	-50.996	-1.223	0	0	0.82	4.13	0.7	-1	0	0	-42.81	379.65	
100	17174.00	27.102	3.6	3.25	126.83	-50.61	0.257	0	0	3.38	5.39	2.9	-1	0	0	-6.42	444.40	
101	17241.60	19.784	2.55	3.95	91.38	-49.231	-1.223	0	0	2.04	4.82	1.55	-1	0	0	-7.74	512.00	
102	17436.55	18.102	1.05	3.1	46.9	-51.171	0.965	0	0	0.64	2.45	0.4	-1	0	0	-22.73	92.55	
103	17473.50	10.554	2.25	1.05	22.11	-55.611	0.965	0	0	2.15	0.92	0.75	-1	0	0	-3.93	129.50	
104	17525.05	18.102	1.05	3.8	54.73	-50.453	1.682	0	0	0.87	1.35	0.4	-1	0	0	-16.57	181.05	
105	17680.40	43.623	3.4	5.5	259.45	-51.796	0.781	0	0	2.72	6.87	2.55	-1	0	0	-12.83	336.40	
106	17715.40	62.524	1.9	6	342.35	-53.064	2.684	0	0	1.63	6.38	1.35	-1	0	0	-30.67	371.40	
107	17763.45	40.322	2.25	4	174.19	-50.61	0.864	0	0	1.97	4.47	1.85	-1	0	0	-16.35	419.45	
108	17847.55	14.636	2.2	3.8	54.26	-51.566	-3.319	0	0	1.75	3.52	1.3	-1	0	0	-6.7	503.55	
109	17906.45	41.177	1.4	3.95	146.16	-52.366	1.82	0	0	1.07	4.28	0.95	-1	0	0	-30.68	562.45	
110	17969.90	19.26	1.9	3	59.22	-50.141	-0.975	0	0	1.65	3.48	1.3	-1	0	0	-9.35	11.50	
111	18100.70	18.948	2.6	4.7	82.92	-53.625	-0.46	0	0	2.15	4.64	1.1	-1	0	0	-7.05	142.30	
112	18112.00	40.488	2.9	6	252.69	-55.74	-0.46	0	0	2.72	7.47	2.15	-1	0	0	-11.92	153.60	
113	18676.95	13.836	2.1	1.85	34.3	-54.195	-0.46	0	0	1.95	1.24	0.3	-1	0	0	-5.68	104.15	
114	18992.65	33.133	2.9	6.05	195.03	-50.031	-2.17	0	0	1.91	6.04	1.75	-1	0	0	-13.88	419.85	
115	19543.10	67.461	2.05	5.15	332.71	-50.821	0.037	0	0	1.04	5.36	1.55	-1	0	0	-51.86	355.90	
116	19669.25	15.316	0.95	4.7	51.34	-51.391	-0.837	0	0	0.61	2.13	0.35	-1	0	0	-19.96	482.05	
117	19800.25	15.344	0.4	3.25	30.96	-50.408	1.6	0	0	0.29	1.35	0.15	-1	0	0	-42.87	613.05	
118	19913.60	29.566	1.95	3.25	94.63	-49.911	-1.002	0	0	1.75	3.76	1.3	-1	0	0	-13.52	112.00	
119	20211.90	41.757	1.9	5	200.16	-49.507	-1.609	0	0	1.21	5.51	1.35	-1	0	0	-27.72	410.30	
120	20306.70	24.877	2.35	4.65	120.87	-50.306	1.14	0	0	2.15	6.18	1.6	-1	0	0	-9.27	505.10	
121	20368.85	23.517	1.15	2.85	61.19	-52.191	1.232	0	0	0.8	2.84	0.65	-1	0	0	-23.4	567.25	
122	20459.85	80.102	2.85	6.05	467.13	-51.299	2.896	0	0	1.79	6.26	1.75	-1	0	0	-35.73	43.85	
123	20557.60	13.974	2.9	2.7	45.15	-50.362	-0.827	0	0	2.79	1.29	0.7	-1	0	0	-4	141.60	
124	20793.80	23.094	1.15	3.95	72.75	-50.38	0.368	0	0	0.91	2.71	0.65	-1	0	0	-20.24	377.80	
125	20900.90	28.04	2.15	6.15	154.86	-50.15	-0.506	0	0	1.97	5.53	1.55	-1	0	0	-11.37	484.90	
126	20913.95	16.658	3.35	2.55	66.18	-51.014	-0.506	0	0	2.92	3.34	2.75	-1	0	0	-4.57	497.95	
127	21048.10	18.828	1.65	2.4	54.03	-51.207	-0.781	0	0	1.49	2.84	1.45	-1	0	0	-10.12	17.70	
128	21052.90	15.371	1.35	1.1	21.31	-53.23	-0.781	0	0	1.25	1.21	0.2	-1	0	0	-9.86	22.50	
129	21733.95	20.658	3	2.2	70.74	-52.448	-1.967	0	0	2.83	3.98	2.25	-1	0	0	-5.85	89.15	
130	21813.30	18.479	1.7	3.4	57.68	-53.147	-0.414	0	0	1.52	3.21	0.65	-1	0	0	-9.71	168.50	
131	22150.95	15.39	1	2.35	29.89	-50.196	-0.717	0	0	0.9	1.23	0.45	-1	0	0	-13.7	506.15	
132	22370.95	15.702	2.1	2.15	43.7	-54.296	1.517	0	0	1.97	2.62	1.65	-1	0	0	-6.37	111.75	
133	22525.00	16.447	1.2	2	33.77	-51.86	1.535	0	0	1.11	2.61	0.75	-1	0	0	-11.9	265.80	
134	22593.20	30.945	1.45	6	147.31	-50.49	4.339	0	0	0.81	5.14	0.75	-1	0	0	-30.5	334.00	
135	22660.65	14.369	1.05	2.2	28.05	-52.927	2.354	0	0	0.96	0.76	0.65	-1	0	0	-12.01	401.45	
136	22966.35	31.12	3.1	4.35	142.69	-48.137	0.193	0	0	1.52	5.06	1.7	-1	0	0	-16.38	92.75	
137	23042.85	17.624	1.6	3.9	54.65	-50.904	0.947	0	0	0.93	2.61	0.2	-1	0	0	-15.22	169.25	
138	23084.80	31.855	2.75	4.35	147.77	-50.932	2.988	0	0	2.57	4.52	2.2	-1	0	0	-9.91	211.20	
139	23192.25	36.599	2.35	5.6	200.47	-51.878	-0.542	0	0	1.96	6.21	1.55	-1	0	0	-14.91	318.65	
140	23468.05	16.465	2.45	1.4	36.73	-51.906	2.059	0	0	2.3	1.66	0.65	-1	0	0	-5.74	594.45	
141	23528.65	26.201	2.2	3.2	90.63	-50.987	-0.211	0	0	1.9	3.93	1.45	-1	0	0	-11.05	40.65	
142	23609.05	15.666	1.4	1.45	28.1	-53.34	1.719	0	0	1.31	1.51	0.15	-1	0	0	-9.56	121.05	
143	24087.25	11.418	1.65	0.7	16.89	-52.228	-2.556	0	0	1.58	0.34	0.15	-1	0	0	-5.78	599.25	
144	24120.75	54.076	1.4	5.2	232.71	-53.083	0.469	0	0	1.02	4.6	0.95	-1	0	0	-42.23	18.35	
145	24254.90	17.183	2.85	1.2	44.57	-52.2	0.552	0	0	2.73	2.33	2.15	-1	0	0	-5.04	152.50	
146	24271.00	33.721	4.5	8.2	272.04	-52.816	0.211	0	0	4.05	7.38	2.5	-1	0	0	-6.66	168.60	
147	24317.25	15.61	2.85	3.95	67.36	-52.412	-0.873	0	0	2.74	0.26	0.15	-1	0	0	-4.56	214.85	
148	24378.30	13.211	1.25	3.6	45.39	-51.511	2.225	0	0	1.12	4.13	0.65	-1	0	0	-9.42	275.90	
149	24628.95	15.638	2.05	1.7	38.67	-54.085	-0.772	0	0	1.95	1.93	1.5	-1	0	0	-6.43	526.55	
150	24992.45	12.696	0.85	1.9	20.67	-52.614	0.515	0	0	0.71	1.38	0.55	-1	0	0	-14.27	275.65	
151	24998.20	31.708	1.3	3.6	104.05	-53.184	0.515	0	0	1.05	3.62	1.05	-1	0	0	-24.22	281.40	
152	25024.45	12.292	1	5.3	56.08	-52.163	1.848	0	0	0.9	4.32	0.45	-1	0	0	-10.95	307.65	
153	25042.45	29.217	2.35	4.7	140.38	-51.805	-0.846	0	0	2.11	5.31	1.8	-1	0	0	-11.1	325.65	
154	25122.00	12.917	3.45	1.95	44.62	-54.728	2.537	0	0	3.35	1.59	0.15	-1	0	0	-3.08	405.20	
155	25297.90	13.101	2.55	2.35	40.26	-54.784	1.839	0	0	2.18	1.26	0.2	-1	0	0	-4.8	581.10	
156	25420.30	13.891	2.4	3.5	56.31	-52.209	0.956	0	0	2	3.71	1.8	-1	0	0	-5.55	89.10	
157	25484.15	68.169	1.4	4.9	301.13	-53.782	0.763	0	0	0.96	5.07	1.05	-1	0	0	-56.71	152.95	
158	25511.45	13.147	0.85	2.2	22.13	-53.414	-1.066	0	0	0.78	0.55	0.45	-1	0	0	-13.51	180.25	
159	25525.25	29.162	1.75	3.5	96.12	-53.497	1.958	0	0	0.96	3.49	0.75	-1	0	0	-24.19	194.05	
160	25666.30	32.232	1.25	3.45	105.07	-62.019	0.423	0	0	0.69	3.76	1.05	-1	0	0	-37.21	335.10	
161	25660.95	14.737	1.3	1.65	24.55	-53.009	-1.342	0	0	1.22	1.42	0.8	-1	0	0	-9.68	329.75	
162	25959.95	25.852	2.05	4.4	108.9	-49.599	1.526	0	0	1.61	4.99	1.45	-1	0	0	-12.86	14.35	
163	25983.40	14.149	1.2	2	31.51	-54.94	1.287	0	0	1.06	2.1	1	-1	0	0	-10.7	37.80	
164	26436.25	19.591	2.2	3.4	68.63	-54.508	-0.827	0	0	2.1	4.78	1.45	-1	0	0	-7.45	490.65	
165	26467.90	33.556	2.05	3.5	118.55	-53.91	3.098	0	0	1.74	3.65	1.35	-1	0	0	-15.46	522.30	
166	26734.25	68.39	2.9	5.85	392.16	-51.878	1.719	0	0	2.45	6.51	2.2	-1	0	0	-22.33	174.25	
167	26824.05	37.141	3.2	4.45	181.82	-51.851	-1.894	0	0	1.45	5.33	1.95	-1	0	0	-20.44	264.05	
168	27301.00	16.548	1.65	1.85	38.28	-51.428	-2.05	0	0	1.4	2.01	1.1	-1	0	0	-9.49	126.60	
169	27373.90	65.871	3.1	5.1	297.47	-49.415	0.708	0	0	1.61	4.69	1.15	-1	0	0	-32.78	199.50	
170	27402.15	16.254	1.45	3.4	51.39	-51.364	0.037	0	0	1.28	3.19	0.85	-1	0	0	-10.16	227.75	
171	27410.40	16.87	2.2	3.45	58.92	-52.752	0.037	0	0	2.05	2.17	1.1	-1	0	0	-6.59	236.00	
172	27457.40	12.558	1.7	0.95	18.83	-51.888	2.74	0	0	1.56	0.84	0.7	-1	0	0	-6.43	283.00	
173	27473.30	46.059	3.35	6.85	314.37	-55.013	-0.221	0	0	2.93	7.53	2.6	-1	0	0	-12.58	298.90	
174	27588.35	10.094	3.5	0.15	20.74	-53.064	-0.735	0	0	3.36	0.22	0.15	-1	0	0	-2.41	413.95	
175	27616.55	44.956	1.1	4.1	157.26	-53.23	0.368	0	0	0.74	3.52	0.65	-1	0	0	-48.68	442.15	
176	27656.85	21.568	1.45	2.85	53.09	-53.864	-1.131	0	0	1.36	1.2	1.05	-1	0	0	-12.64	482.45	
177	28046.85	15.068	2.5	1.6	40.37	-52.963	0.708	0	0	1.89	3.01	1.7	-1	0	0	-6.38	258.05	
178	27804.65	16.282	1.5	4.15	61.21	-52.412	-0.377	0	0	1.36	3.26	0.95	-1	0	0	-9.55	15.85	
179	28165.40	21.991	2.6	3.9	86.01	-52.026	-1.728	0	0	2.02	3.78	1.55	-1	0	0	-8.69	376.60	
180	28241.30	22.634	1.7	2.95	65.72	-53.588	2.363	0	0	1.55	3.33	1.25	-1	0	0	-11.71	452.50	
181	28311.05	27.332	3.95	3.1	126.74	-49.985	-1.048	0	0	3.17	5.33	2.9	-1	0	0	-6.91	522.25	
182	28403.90	43.549	1.9	4.1	168.52	-51.373	-0.956	0	0	1.58	4.28	1.3	-1	0	0	-22.03	103.10	
183	28527.80	41.499	4.35	7.85	350.98	-53.248	0.947	0	0	3.89	8.77	3.05	-1	0	0	-8.54	227.00	
184	28563.30	25.613	1.8	3.45	85.4	-55.179	-0.239	0	0	1.7	3.05	1.45	-1	0	0	-12.06	262.50	
185	28617.75	21.899	2.45	5.2	99.9	-54.067	2.924	0	0	2.28	4.07	0.9	-1	0	0	-7.67	316.95	
186	28755.50	35.91	3.35	7.5	248.14	-53.901	-1.112	0	0	3.11	7.22	2.2	-1	0	0	-9.24	454.70	
187	28765.50	47.705	2.15	4.25	209.69	-61.614	-1.112	0	0	1.82	5.04	1.8	-1	0	0	-20.96	464.70	
188	28829.65	33.942	3.05	3.9	153.34	-53.699	1.443	0	0	2.86	5.2	2.4	-1	0	0	-9.51	528.85	
189	28893.30	43.917	1.5	4.4	190.45	-53.469	-0.873	0	0	0.78	4.69	1.2	-1	0	0	-45.02	592.50	
190	28959.05	11.823	1.9	2.75	33.12	-55.409	-1.315	0	0	1.74	1.97	1.4	-1	0	0	-5.45	43.85	
191	28920.70	12.402	1.85	1.4	24.57	-52.219	0.662	0	0	1.71	1.26	1.15	-1	0	0	-5.81	5.50	
192	29279.15	29.759	2.5	3	102.4	-51.253	-0.184	0	0	2.17	3.71	1.55	-1	0	0	-10.99	363.95	
193	29358.65	14.443	2.25	2.6	40.58	-52.623	-2.078	0	0	1.93	1.93	1.15	-1	0	0	-5.99	443.45	
194	29442.30	44.993	2.95	6.4	277.13	-48.192	-0.239	0	0	2.11	6.73	1.9	-1	0	0	-17.05	527.10	
195	29742.80	45.443	3.7	4.65	215.99	-48.321	1.636	0	0	1.54	4.97	1.7	-1	0	0	-23.6	213.20	
196	29776.85	14.002	2.15	3.6	44.57	-51.446	1.195	0	0	1.83	1.64	1.5	-1	0	0	-6.13	247.25	
197	30046.40	26.073	1.5	3.7	92.9	-51.621	-2.427	0	0	1.33	3.53	1.1	-1	0	0	-15.71	516.80	
198	30065.70	49.755	1.85	3.9	181.22	-51.768	2.317	0	0	1.27	3.81	1.35	-1	0	0	-31.25	536.10	
199	30092.40	26.744	1.05	4.3	95.82	-53.487	-0.129	0	0	0.72	3.8	0.75	-1	0	0	-29.76	562.80	
200	30440.15	35.064	1.7	4.25	143.98	-51.198	1.076	0	0	0.94	3.96	1.05	-1	0	0	-29.85	296.15	
201	30451.50	17.366	2.3	3.45	67.63	-52.154	1.076	0	0	2.04	4.59	1.35	-1	0	0	-6.81	307.50	
202	30459.90	16.732	1.2	4.2	64.38	-50.858	1.076	0	0	1	2.76	0.7	-1	0	0	-13.43	315.90	
203	30604.50	17.992	2	3.4	54.65	-50.417	-3.402	0	0	1.62	3.11	0.6	-1	0	0	-8.86	460.50	
204	30636.00	43.687	3.05	8.55	338.4	-51.731	-1.361	0	0	2.83	8.85	2.4	-1	0	0	-12.37	492.00	
205	30881.40	34.209	1.65	2.85	104.9	-54.214	-0.855	0	0	1.46	4.02	1.3	-1	0	0	-18.79	123.00	
206	31278.70	63.389	1.2	5.15	269.21	-50.012	-0.359	0	0	0.99	4.57	0.9	-1	0	0	-51.07	520.30	
207	31543.65	15.096	2.45	0.85	29.32	-51.52	1.37	0	0	2.24	1.26	1.05	-1	0	0	-5.38	170.85	
208	31664.55	38.548	1.55	4.3	149.05	-50.711	-2.344	0	0	0.89	4.12	1.1	-1	0	0	-34.62	291.75	
209	31686.45	27.148	2.05	3.5	97.01	-50.334	-0.156	0	0	1.49	3.93	1.5	-1	0	0	-14.57	313.65	
210	32095.90	28.481	1.8	4.8	123.24	-50.325	0.772	0	0	1.62	4.03	1.2	-1	0	0	-14.05	108.70	
211	32584.75	40.001	3	5.1	223.85	-52.596	1.085	0	0	2.39	6.49	2.25	-1	0	0	-13.41	597.55	
212	32591.90	32.03	1.65	3.55	120.42	-62.58	1.085	0	0	1.22	4.21	1.15	-1	0	0	-21.04	604.70	
213	32844.00	15.509	1.75	1.35	29.54	-51.345	0.644	0	0	1.49	1.68	1.3	-1	0	0	-8.33	242.40	
214	33147.95	36.562	1.65	5	154.99	-50.003	1.912	0	0	1.45	4.2	1.2	-1	0	0	-20.18	546.35	
215	33242.95	34.512	1.25	4.15	120.06	-51.079	-0.303	0	0	1.08	3.69	0.85	-1	0	0	-25.62	26.95	
216	33509.85	15.381	2.95	3.9	66.78	-50.959	2.795	0	0	2.32	2.81	1.65	-1	0	0	-5.31	293.85	
217	33527.35	40.552	3.05	8.25	309.67	-47.806	2.795	0	0	2.86	8.09	1.7	-1	0	0	-11.34	311.35	
218	33538.15	15.39	2.25	2.25	43.18	-58.323	2.795	0	0	2.18	2.21	0.95	-1	0	0	-5.64	322.15	
219	33611.10	53.156	2.25	5.3	275.27	-48.983	-0.735	0	0	0.99	5.61	1.8	-1	0	0	-43.05	395.10	
220	33644.60	25.466	1.45	4.2	94.18	-51.731	-1.489	0	0	1.22	3.28	1.05	-1	0	0	-16.64	428.60	
221	33974.95	12.485	1.85	1.25	23.75	-51.888	3.107	0	0	1.77	1.52	0.9	-1	0	0	-5.65	144.55	
222	34008.10	19.508	4.6	4.55	115.12	-50.113	0.726	0	0	4.45	5.46	3.85	-1	0	0	-3.51	177.70	
223	34360.35	16.355	1.2	3.5	47.19	-50.196	-0.239	0	0	1.05	2.06	0.7	-1	0	0	-12.42	529.95	
224	34394.95	20.097	2.75	2	65.79	-51.777	1.977	0	0	2.6	3.47	2.55	-1	0	0	-6.18	564.55	
225	34820.60	68.611	1.55	4	267.32	-50.49	0.018	0	0	0.97	4.3	1.25	-1	0	0	-56.58	375.80	
226	34979.15	37.004	3.9	7.3	281.5	-51.079	-0.717	0	0	3.22	7.86	2.8	-1	0	0	-9.18	534.35	
227	35050.20	22.009	3.7	3.95	109.43	-49.709	-1.039	0	0	3.54	4.23	3.3	-1	0	0	-4.97	605.40	
228	35065.35	13.055	2.1	1.6	32.26	-53.726	-1.719	0	0	1.91	3.08	1.6	-1	0	0	-5.46	6.15	
229	35562.35	47.907	1.5	4.75	201.47	-53.469	-0.69	0	0	1.32	4.74	1.2	-1	0	0	-29.09	503.15	
230	35621.75	31.69	1.6	2.35	81.84	-54.352	1.425	0	0	1.33	3.06	1.25	-1	0	0	-19.13	562.55	
231	35602.75	9.828	1.7	0.65	12.06	-53.929	0.965	0	0	1.61	0.5	0.2	-1	0	0	-4.89	543.55	
232	35897.80	52.412	1.75	4.85	204.87	-52.283	2.657	0	0	1.19	4.24	1	-1	0	0	-35.33	224.20	
233	36150.00	38.953	2.45	5	185.56	-49.222	-2.767	0	0	1.92	4.83	1.55	-1	0	0	-16.25	476.40	
234	36106.35	8.688	2.5	3.4	32.7	-51.888	0.625	0	0	2.39	2.22	1.05	-1	0	0	-2.9	432.75	
235	36437.85	37.849	1.85	4.55	164.15	-49.562	1.949	0	0	1.14	3.9	1.5	-1	0	0	-26.5	149.85	
236	36862.65	11.427	2.35	0.2	12.8	-51.207	-1.259	0	0	2.25	0.3	0.2	-1	0	0	-4.06	574.65	
237	36887.50	23.986	1.8	3.15	76.81	-49.672	-0.064	0	0	1.66	3.77	1.35	-1	0	0	-11.56	599.50	
238	36621.85	9.754	3	0.2	17.26	-51.593	2.105	0	0	2.75	0.21	0.1	-1	0	0	-2.84	333.85	
239	36947.05	12.586	1.9	1.9	31.38	-49.7	0.855	0	0	1.71	2.46	1.5	-1	0	0	-5.88	44.65	
240	36963.70	34.393	1.7	3.55	125.32	-51.207	1.839	0	0	1.49	3.51	1.45	-1	0	0	-18.45	61.30	
241	37033.00	20.786	1.95	4.55	85.55	-49.433	0.496	0	0	1.81	4.05	0.85	-1	0	0	-9.18	130.60	
242	37122.95	39.449	2.3	5.55	211.2	-50.509	-2.142	0	0	1.84	5.92	1.55	-1	0	0	-17.15	220.55	
243	37727.00	26.082	2.8	5.05	138.33	-51.557	-1.416	0	0	1.29	5.7	2.2	-1	0	0	-16.22	210.20	
244	37757.65	26.541	1.2	2.9	71.81	-50.463	0.414	0	0	0.81	2.94	0.75	-1	0	0	-26.12	240.85	
245	37852.00	51.777	1.5	10.6	479.2	-50.224	-2.252	0	0	1.33	10.63	1.15	-1	0	0	-31.17	335.20	
246	37856.65	36.673	1.5	3.6	137.75	-70.265	-2.252	0	0	1.31	4.41	1.35	-1	0	0	-22.41	339.85	
247	37963.65	15.473	2.45	1.7	45.37	-54.186	-1.131	0	0	2.04	3.51	1.9	-1	0	0	-6.07	446.85	
248	38017.35	19.812	2.3	2.8	59.98	-52.053	3.107	0	0	2.18	1.44	1	-1	0	0	-7.27	500.55	
249	38197.55	62.442	1.9	5	280.85	-50.61	-0.984	0	0	0.86	4.66	1.55	-1	0	0	-57.84	66.35	
250	38275.00	12.862	1.45	2	24.53	-50.978	-1.921	0	0	1.33	1.24	0.8	-1	0	0	-7.73	143.80	
251	38374.55	21.366	2.9	2.5	74.29	-50.601	2.023	0	0	2.56	4.14	2.1	-1	0	0	-6.67	243.35	
252	38642.05	16.263	2.3	3.5	55.57	-51.796	3.521	0	0	1.58	3.12	1.1	-1	0	0	-8.26	510.85	
253	38537.10	28.224	2.15	5	128.31	-52.972	0.699	0	0	1.93	4.08	1.45	-1	0	0	-11.71	405.90	
254	38734.05	13.9	1.9	1.5	31.46	-53.818	0.156	0	0	1.85	2.32	1.5	-1	0	0	-6.02	602.85	
255	39627.20	42.225	3.95	6.8	303.36	-51.952	1.361	0	0	3.54	8.95	2.95	-1	0	0	-9.54	267.20	
256	39671.70	24.17	3.3	4.4	117.95	-51.741	0.561	0	0	2.88	5.24	1.9	-1	0	0	-6.72	311.70	
257	39903.80	12.016	1.5	1.3	17.41	-56.135	-3.539	0	0	1.45	0.22	0.1	-1	0	0	-6.62	543.80	
258	40223.85	17.798	2.95	1.2	50.1	-51.226	-1.214	0	0	2.6	3.22	2.15	-1	0	0	-5.47	249.45	
259	40259.00	59.849	1.55	4	233.81	-52.678	-1.103	0	0	0.76	4.16	1.25	-1	0	0	-62.72	284.60	
260	40289.90	21.981	2.45	3.4	80.28	-49.258	0.147	0	0	2.28	4.1	1.85	-1	0	0	-7.71	315.50	
261	40351.75	48.845	4.1	8.6	434.63	-52.402	0.91	0	0	3.14	9.91	3.15	-1	0	0	-12.45	377.35	
262	40379.40	37.969	2.85	5.65	223.46	-51.327	-2.445	0	0	2.58	6.63	2.1	-1	0	0	-11.77	405.00	
263	40386.75	18.865	1.3	2	43.19	-60.438	-2.445	0	0	0.91	2.79	0.8	-1	0	0	-16.63	412.35	
264	40391.85	20.226	1.45	1.2	33.29	-62.396	-2.445	0	0	1.3	1.52	1	-1	0	0	-12.41	417.45	
265	40605.15	14.388	1.2	3.2	41.99	-50.389	-0.386	0	0	1.06	2.55	0.9	-1	0	0	-10.91	16.35	
266	40679.40	16.484	3.7	5.15	91.29	-51.612	0.423	0	0	3.55	3.49	1.6	-1	0	0	-3.71	90.60	
267	40792.60	43.641	1.15	3.6	149.36	-50.389	-0.423	0	0	0.95	4.3	0.85	-1	0	0	-36.77	203.80	
268	41146.80	49.635	1.5	4.55	191.59	-52.577	-1.508	0	0	1.1	4.49	1	-1	0	0	-36.26	558.00	
269	41727.80	22.11	2	6.15	109.67	-52.77	-1.554	0	0	1.87	3.97	1.5	-1	0	0	-9.46	524.60	
270	41744.95	28.233	2.15	4.75	131.32	-56.484	0.276	0	0	1.78	4.82	1.6	-1	0	0	-12.71	541.75	
271	41997.80	23.627	4.6	2.4	102.95	-60.989	-1.664	0	0	4.45	4.47	3.15	-1	0	0	-4.25	180.20	
272	42124.90	49.231	1.5	4.6	208.68	-54.499	-0.34	0	0	0.82	4.57	1.15	-1	0	0	-47.89	307.30	
273	42749.10	18.672	1.85	4.55	77.03	-49.277	-0.037	0	0	1.7	3.49	1.25	-1	0	0	-8.76	317.10	
274	42775.00	47.447	1.3	3.6	159.67	-54.287	0.8	0	0	1.08	3.8	1	-1	0	0	-35.25	343.00	
275	42915.05	88.597	4.3	4.4	484.43	-55.354	-0.165	0	0	3.94	6.58	3.3	-1	0	0	-17.99	483.05	
276	42980.10	67.82	2.85	5.55	395.99	-54.039	1.407	0	0	1.67	6.22	2.35	-1	0	0	-32.54	548.10	
277	43212.70	37.169	2.65	3.7	145.72	-51.566	1.931	0	0	1.02	4.13	1.7	-1	0	0	-29.16	166.30	
278	43298.10	31.166	4.15	4.05	177.5	-55.813	-0.69	0	0	3.95	6.39	3.2	-1	0	0	-6.31	251.70	
279	43490.25	14.296	3.3	4.1	60.06	-54.269	-1.057	0	0	1.9	4.14	1.45	-1	0	0	-6	443.85	
280	43504.10	22.404	0.9	3.25	62	-58.728	-0.506	0	0	0.64	2.98	0.55	-1	0	0	-28.08	457.70	
281	43612.55	25.107	3.05	3.3	99.3	-55.124	-1.002	0	0	2.65	3.76	1.7	-1	0	0	-7.59	566.15	
282	43687.75	20.731	1.05	4.25	76.74	-50.417	3.172	0	0	0.88	3.45	0.7	-1	0	0	-18.93	26.95	
283	43768.05	45.176	3.5	8.1	357.11	-51.354	2.409	0	0	2.62	8.41	2.45	-1	0	0	-13.78	107.25	
284	43812.90	30.982	3.5	8.15	256.87	-57.781	0.717	0	0	3.09	9	2.2	-1	0	0	-8.02	152.10	
285	43796.15	58.93	2.4	6.4	331.61	-56.549	-0.285	0	0	1.78	6.2	1.5	-1	0	0	-26.45	135.35	
286	43867.05	12.779	1.45	1.25	23.51	-54.692	2.565	0	0	1.29	2.31	1.15	-1	0	0	-7.94	206.25	
287	43904.45	27.452	4.1	6.85	200.6	-52.779	3.061	0	0	3.7	8.16	2.75	-1	0	0	-5.94	243.65	
288	43961.55	19.545	1.65	4.3	75.26	-54.333	-1.774	0	0	1.35	3.99	0.9	-1	0	0	-11.61	300.75	
289	44182.80	53.984	2.7	7.65	376.06	-53.809	0.671	0	0	2.15	7.83	2.25	-1	0	0	-20.11	522.00	
290	44193.35	24.923	1.65	3.3	81.98	-64.326	0.671	0	0	1.52	4.18	1.05	-1	0	0	-13.08	532.55	
291	44292.15	21.77	1.5	4.25	79.46	-53.965	-0.23	0	0	1.21	3.79	0.95	-1	0	0	-14.39	16.95	
292	44434.55	41.922	3.35	7.65	315.3	-52.384	2.979	0	0	2.62	7.75	2.4	-1	0	0	-12.81	159.35	
293	44485.35	19.086	1.2	4.5	76.24	-52.614	0.055	0	0	1.08	4.52	0.85	-1	0	0	-14.1	210.15	
294	44530.85	22.993	2.2	3.95	91.41	-51.833	-0.018	0	0	1.76	4.35	1.2	-1	0	0	-10.45	255.65	
295	44602.60	48.137	1.45	5.1	226.8	-52.623	1.875	0	0	0.78	5.04	1.1	-1	0	0	-49.63	327.40	
296	44745.90	51.98	1.6	3.9	191.24	-51.961	2.455	0	0	0.85	3.65	1.25	-1	0	0	-49.11	470.70	
297	44912.10	18.083	1.1	4.6	67.67	-50.15	0.864	0	0	0.94	2.67	0.65	-1	0	0	-15.33	22.50	
298	44929.90	55.593	3.05	5.05	308.79	-53.359	-1.186	0	0	2.69	6.14	2.55	-1	0	0	-16.56	40.30	
299	45110.30	20.419	1.6	4.8	83	-49.911	-1.885	0	0	1.26	3.28	0.7	-1	0	0	-12.92	220.70	
300	45132.30	24.17	4.65	3.85	102.74	-51.143	-0.267	0	0	4.49	2.46	0.95	-1	0	0	-4.31	242.70	
301	45260.90	51.125	1.7	4.3	208.01	-51.318	0.303	0	0	1.25	4.39	1.3	-1	0	0	-32.77	371.30	
302	45419.45	34.135	1.95	4.15	138.22	-51.805	0.781	0	0	1.75	4.05	1.45	-1	0	0	-15.57	529.85	
303	45657.20	26.891	1.45	3.3	86.93	-50.978	1.388	0	0	1.31	3.83	1.15	-1	0	0	-16.42	153.20	
304	45674.05	41.407	1.75	3.7	151.76	-55.593	-3.53	0	0	1.12	3.84	1.4	-1	0	0	-29.49	170.05	
305	45854.30	27.121	1.95	4.55	116	-50.987	3.53	0	0	1.79	4.83	1.4	-1	0	0	-12.11	350.30	
306	45869.45	57.229	3.15	7	395.09	-53.699	-0.092	0	0	2.07	7.01	2.4	-1	0	0	-22.13	365.45	
307	46157.10	19.793	1.85	2.3	54.87	-52.504	-0.634	0	0	1.72	3.74	1.55	-1	0	0	-9.22	38.70	
308	46334.40	18.148	1.6	3.45	60.49	-50.803	1.039	0	0	1.49	3.64	0.8	-1	0	0	-9.74	216.00	
309	46380.30	16.456	4.1	2.85	72.56	-50.84	-0.873	0	0	3.93	3.31	3.15	-1	0	0	-3.35	261.90	
310	46394.00	15.914	4.55	0.8	54.25	-49.203	-0.873	0	0	4.48	0.29	0.15	-1	0	0	-2.84	275.60	
311	46661.25	18.479	3.05	3.3	76.89	-47.686	1.379	0	0	2.85	3.86	2.75	-1	0	0	-5.18	542.85	
312	46475.20	10.545	0.9	1.55	13.66	-49.277	-2.289	0	0	0.81	0.58	0.15	-1	0	0	-10.36	356.80	
313	46934.15	21.292	1	5.45	90.45	-47.309	1.563	0	0	0.71	4.28	0.45	-1	0	0	-24.16	201.35	
314	47137.85	26.9	4.85	5.55	179.6	-48.164	-1.361	0	0	4.23	6.24	3.45	-1	0	0	-5.08	405.05	
315	47424.00	28.555	4.9	5	193.37	-56.227	-2.749	0	0	3.67	7.8	3.55	-1	0	0	-6.23	76.80	
316	47473.45	13.606	3.2	1.1	36.17	-53.405	1.903	0	0	3.05	0.38	0.15	-1	0	0	-3.57	126.25	
317	47717.05	61.366	1.85	5.05	289.13	-51.161	1.894	0	0	1.66	5.13	1.55	-1	0	0	-29.59	369.85	
318	47755.25	13.717	1.85	0.15	15.13	-52.246	0.487	0	0	1.73	0.89	0.8	-1	0	0	-6.32	408.05	
319	47932.15	30.182	0.85	3.15	82.11	-51.713	-0.423	0	0	0.72	3.04	0.7	-1	0	0	-33.6	584.95	
320	48502.35	13.211	2.65	2.9	49.31	-49.424	2.16	0	0	2.51	3.84	2	-1	0	0	-4.21	540.75	
321	48798.40	49.323	1.4	5.15	206.83	-48.413	0.855	0	0	1.1	4.27	1	-1	0	0	-35.74	222.40	
322	48880.05	28.619	2.85	3.95	125.35	-47.153	-1.25	0	0	2.6	4.71	2.35	-1	0	0	-8.8	304.05	
323	48957.20	8.651	4.05	0.3	20.95	-59.095	1.122	0	0	3.91	0.24	0.1	-1	0	0	-1.77	381.20	
324	49025.35	42.63	2.05	4.5	183.87	-48.744	-1.508	0	0	1.77	4.54	1.5	-1	0	0	-19.27	449.35	
325	49031.25	23.498	1.25	2.15	56.03	-58.856	-1.508	0	0	0.88	2.43	1	-1	0	0	-21.47	455.25	
326	49101.15	30.614	1.95	5.6	153	-49.911	-1.581	0	0	1.49	5.75	1.55	-1	0	0	-16.41	525.15	
327	49207.80	26.128	1.9	3.25	82.25	-50.527	1.324	0	0	1.74	2.74	1.45	-1	0	0	-11.98	17.40	
328	49232.10	53.69	1.95	3.9	214.06	-50.233	1.921	0	0	1.41	4.41	1.65	-1	0	0	-30.45	41.70	
329	49257.40	35.22	1.45	2.9	101.94	-50.867	1.342	0	0	1.27	3.42	0.85	-1	0	0	-22.13	67.00	
330	49328.30	12.282	0.9	4.1	38.58	-49.553	-0.331	0	0	0.82	1.27	0.85	-1	0	0	-11.94	137.90	
331	49523.05	52.991	2.35	4.9	241.46	-46.601	-0.754	0	0	1.26	4.8	1.45	-1	0	0	-33.55	332.65	
332	49550.90	23.057	2.8	2.4	78.55	-50.26	-0.938	0	0	2.12	4.13	2.15	-1	0	0	-8.69	360.50	
333	49687.90	40.819	1.8	5.4	181.84	-47.705	-1.03	0	0	0.94	4.44	0.8	-1	0	0	-34.63	497.50	
334	49699.55	20.851	1.85	1.4	40.59	-49.608	-1.03	0	0	1.74	2.21	1.1	-1	0	0	-9.56	509.15	
335	49813.15	53.497	3.1	8.2	408.86	-50.058	-1.774	0	0	2.46	7.83	2.5	-1	0	0	-17.37	8.35	
336	49927.70	50.812	1.4	4.2	187.29	-48.652	1.131	0	0	1.14	4.18	1.05	-1	0	0	-35.79	122.90	
337	49986.65	32.416	1.45	3.75	110.37	-46.85	2.896	0	0	1.11	3.69	0.95	-1	0	0	-23.27	181.85	
338	50044.90	10.076	1.4	1.75	20.04	-47.741	-0.947	0	0	1.02	0.62	0.5	-1	0	0	-7.91	240.10	
339	50106.40	39.495	3.55	5.9	246.43	-49.902	0.993	0	0	3.07	6.84	2.5	-1	0	0	-10.29	301.60	
340	50396.20	35.854	2.35	7.9	246.33	-48.219	-1.066	0	0	2.03	7.46	1.45	-1	0	0	-14.1	591.40	
341	50505.15	31.414	3.45	5.55	176.27	-48.348	-0.395	0	0	2.64	5.45	2.3	-1	0	0	-9.53	85.95	
342	50523.55	33.335	4.8	7.15	264.36	-55.721	-2.216	0	0	4.19	8.25	3.35	-1	0	0	-6.37	104.35	
343	50556.50	13.946	2.15	3.1	49.92	-54.278	0.662	0	0	1.98	2.74	0.9	-1	0	0	-5.63	137.30	
344	51299.90	37.73	2.95	5.2	198.95	-47.401	0.487	0	0	2.28	5.29	2.3	-1	0	0	-13.24	266.30	
345	51427.95	14.636	1.05	1.95	30.94	-49.314	3.723	0	0	0.9	1.66	0.8	-1	0	0	-13.05	394.35	
346	51520.90	32.995	4.75	6.15	251.26	-54.453	1.259	0	0	4.2	7.77	3.65	-1	0	0	-6.29	487.30	
347	51661.60	20.621	2.55	9.6	155.02	-48.615	-2.96	0	0	2.44	6.54	0.9	-1	0	0	-6.76	13.60	
348	51869.90	23.195	1.15	3.55	77.96	-46.877	0.901	0	0	0.95	3.95	0.9	-1	0	0	-19.49	221.90	
349	52032.30	57.643	1.8	4.75	246.13	-48.477	0.267	0	0	1.24	4.65	1.25	-1	0	0	-37.14	384.30	
350	52268.65	50.978	1.85	4.4	226.96	-48.946	1.802	0	0	1.57	5.39	1.55	-1	0	0	-25.95	6.25	
351	52395.80	40.782	1.75	3.8	150.27	-48.422	-1.728	0	0	1.55	3.74	1.4	-1	0	0	-21.09	133.40	
352	52412.45	30.081	1.4	3.05	93.89	-56.163	1.544	0	0	1.27	3.47	1.1	-1	0	0	-19.02	150.05	
353	52701.30	51.437	1.85	4.35	215.99	-46.978	-0.313	0	0	0.96	4.56	1.45	-1	0	0	-42.86	438.90	
354	52969.20	38.916	2	3.5	144.84	-49.975	0.303	0	0	1.61	4.05	1.8	-1	0	0	-19.32	92.40	
355	53530.90	40.975	3.95	4.55	232.54	-52.927	1.287	0	0	3.75	5.96	3.1	-1	0	0	-8.74	39.70	
356	53570.10	52.908	1.75	4.85	239.23	-51.952	-1.03	0	0	1.35	4.95	1.35	-1	0	0	-31.3	78.90	
357	53683.55	26.302	1.25	12.3	336.22	-48.835	-0.092	0	0	1.07	12.55	0.8	-1	0	0	-19.58	192.35	
358	53688.30	34.99	2.15	4.5	157.68	-57.091	-0.092	0	0	1.63	5.19	1.25	-1	0	0	-17.21	197.10	
359	53715.10	10.379	1.1	2.4	21.45	-51.318	-0.69	0	0	1.02	0.27	0.15	-1	0	0	-8.14	223.90	
360	53983.10	15.353	2.6	2.9	54.8	-48.504	-1.903	0	0	2.24	3.65	1.8	-1	0	0	-5.49	491.90	
361	54267.20	13.404	2.4	1.5	28.19	-48.247	1.342	0	0	2.31	0.26	0.15	-1	0	0	-4.65	161.60	
362	54215.00	49.994	2.05	3.45	174.08	-48.33	-0.965	0	0	1.53	4.22	1.4	-1	0	0	-26.16	109.40	
363	54298.75	35.707	1.4	3.6	119.21	-48.468	1.315	0	0	0.99	3.78	0.9	-1	0	0	-28.97	193.15	
364	54286.25	13.533	1.5	2.9	40.22	-46.372	-1.324	0	0	1.36	2.92	1	-1	0	0	-7.97	180.65	
365	54513.10	30.541	3.65	3.6	143.67	-46.215	-0.506	0	0	3.44	6.01	2.5	-1	0	0	-7.09	407.50	
366	54896.25	44.809	1.65	4.9	186.61	-50.738	1.701	0	0	1.22	4.13	1.1	-1	0	0	-29.48	176.25	
367	54936.60	37.831	2.6	7.95	261.09	-47.429	0.34	0	0	2.19	7.6	1.75	-1	0	0	-13.83	216.60	
368	54955.70	17.008	0.95	2	31.19	-50.325	0.772	0	0	0.86	1	0.4	-1	0	0	-15.76	235.70	
369	55067.10	21.522	1.45	3.3	57.91	-47.889	0.359	0	0	1.24	2.68	0.85	-1	0	0	-13.86	347.10	
370	55100.65	19.352	2.7	3.1	77.25	-48.137	0.763	0	0	2.59	3.99	2.05	-1	0	0	-5.98	380.65	
371	55196.85	14.369	1.15	3.1	40.64	-58.047	0.23	0	0	1.04	2.58	0.65	-1	0	0	-11.09	476.85	
372	55322.50	39.734	1.2	4.05	150.93	-47.162	3.025	0	0	0.77	3.94	0.95	-1	0	0	-41.46	602.50	
373	55414.70	38.741	1.2	4.7	158.87	-46.39	1.397	0	0	0.75	4.33	0.9	-1	0	0	-41.24	80.30	
374	55443.30	58.084	1.75	4.95	255.52	-48.155	-2.013	0	0	0.91	4.46	1.25	-1	0	0	-50.94	108.90	
375	55500.50	28.215	2.2	3.45	105.05	-48.367	-2.905	0	0	2.04	3.97	1.7	-1	0	0	-11.07	166.10	
376	55789.80	26.293	4.8	3.1	136.23	-51.069	-1.287	0	0	4.57	6.56	4.4	-1	0	0	-4.61	455.40	
377	55787.05	26.808	2.2	7.75	195.11	-46.932	-2.455	0	0	2	7.59	1.8	-1	0	0	-10.74	452.65	
378	55816.05	22.368	2.35	3.75	95.36	-48.817	-0.469	0	0	2.13	4.57	2.05	-1	0	0	-8.42	481.65	
379	55825.90	19.554	2.2	4	75.1	-56.117	-1.131	0	0	1.85	2.55	0.65	-1	0	0	-8.44	491.50	
380	55833.35	59.638	3	6.05	377.42	-58.516	-1.131	0	0	2.34	7.01	2.25	-1	0	0	-20.38	498.95	
381	55932.45	6.711	0.6	4	27.58	-48.321	-0.984	0	0	0.46	3.26	0.15	-1	0	0	-11.76	598.05	
382	56180.80	21.513	1.45	4.3	78.69	-46.372	1.158	0	0	0.96	3.8	0.8	-1	0	0	-17.89	232.00	
383	56310.70	54.499	1.65	3.95	211.65	-49.258	3.273	0	0	0.95	4.3	1.3	-1	0	0	-45.99	361.90	
384	56466.80	37.84	1.35	4.65	147.77	-47.613	0.956	0	0	0.88	3.48	0.95	-1	0	0	-34.36	518.00	
385	56710.95	25.843	2.25	2.55	77.82	-51.272	-1.397	0	0	2.06	3.67	1.25	-1	0	0	-10.02	147.75	
386	56838.15	16.107	2.1	3.25	48.35	-48.072	2.096	0	0	1.91	2.57	1.1	-1	0	0	-6.76	274.95	
387	57447.95	33.041	2.05	8.7	226.95	-50.582	0.873	0	0	1.47	6.15	1.55	-1	0	0	-18	270.35	
388	57585.90	24.491	2.55	3.35	92.31	-47.429	2.841	0	0	2.39	3.26	2.1	-1	0	0	-8.2	408.30	
389	57817.85	38.998	2.9	7.25	261.85	-50.049	-0.763	0	0	2.24	7.03	1.75	-1	0	0	-13.92	25.85	
390	58114.45	36.599	3.6	6.35	230.87	-46.344	0.359	0	0	3.18	6.51	2.5	-1	0	0	-9.2	322.45	
391	58184.25	12.108	2.2	1.1	24.16	-49.929	-0.055	0	0	1.85	2.79	1.8	-1	0	0	-5.24	392.25	
392	58364.65	45.719	1.45	4.9	204.04	-49.801	-1.241	0	0	0.93	4.65	1.1	-1	0	0	-39.3	572.65	
393	58742.15	42.207	1.85	7.3	264.85	-51.115	-2.749	0	0	1.4	6.81	1.3	-1	0	0	-24.18	335.75	
394	58770.90	34.907	4.5	6.95	266.7	-53.101	-2.427	0	0	4.17	7.54	3.4	-1	0	0	-6.7	364.50	
395	58863.70	35.441	1.85	4.4	150.28	-47.705	1.425	0	0	1.63	4.16	1.5	-1	0	0	-17.43	457.30	
396	58995.75	56.328	3.85	6.25	397.58	-50.178	-0.69	0	0	3.62	8.1	3.15	-1	0	0	-12.45	589.35	
397	59120.75	77.39	2.15	5.25	394.61	-51.079	3.613	0	0	1.08	5.81	1.75	-1	0	0	-57.08	99.95	
398	59162.10	18.175	2.2	2.95	64.66	-52.108	0.763	0	0	1.81	2.29	1.15	-1	0	0	-8.05	141.30	
399	59194.80	41.297	1.6	7.9	262.48	-52.963	-1.434	0	0	0.76	4.4	1.35	-1	0	0	-43.35	174.00	
400	59199.00	19.895	1	1.9	37.11	-69.033	-1.434	0	0	0.8	1.92	0.5	-1	0	0	-19.78	178.20	
401	59213.30	32.526	1.35	2.75	91.82	-59.169	1.499	0	0	1.16	3.1	0.9	-1	0	0	-22.49	192.50	
402	59219.15	17.477	1.45	1.85	34.86	-59.914	1.499	0	0	1.35	2.06	0.8	-1	0	0	-10.36	198.35	
403	59312.05	46.785	1.2	5.75	219.04	-50.665	-2.749	0	0	0.84	5.44	0.9	-1	0	0	-44.79	291.25	
404	59438.30	21.384	1.8	3	66.3	-47.107	-0.763	0	0	1.62	2.8	1.1	-1	0	0	-10.56	417.50	
405	59497.30	18.506	4.5	3.8	95.6	-52.881	-0.607	0	0	4.36	4.35	2.35	-1	0	0	-3.39	476.50	
406	59748.50	17.679	2.7	3.3	72.07	-50.453	0.055	0	0	2.35	4.63	2.05	-1	0	0	-6.01	113.30	
407	59940.20	26.541	2.75	5.65	142.46	-49.644	1.554	0	0	2.62	6.1	2	-1	0	0	-8.1	305.00	
408	59961.75	17.293	2.65	4.5	75.65	-47.171	1.554	0	0	2.59	2.93	1.65	-1	0	0	-5.34	326.55	
409	59969.55	57.247	2	5.5	296.52	-49.268	1.554	0	0	1.05	5.92	1.5	-1	0	0	-43.62	334.35	
410	60049.00	49.672	2.2	4.6	233.51	-49.644	-1.646	0	0	0.83	5.53	1.7	-1	0	0	-47.63	413.80	
411	60106.45	37.289	1.3	5.4	167.2	-49.957	3.227	0	0	0.63	4.17	0.8	-1	0	0	-47.7	471.25	
412	60161.50	17.091	1.8	3.8	69.59	-51.557	-0.377	0	0	1.65	3.88	1.55	-1	0	0	-8.27	526.30	
413	60240.45	14.222	0.85	2.75	32.99	-51.805	2.032	0	0	0.73	1.97	0.7	-1	0	0	-15.64	605.25	
414	60305.20	47.751	1.4	5.55	226.29	-50.941	-2.17	0	0	0.94	4.88	0.9	-1	0	0	-40.64	55.60	
415	60512.75	35.413	1.8	4.75	146.58	-50.288	0.818	0	0	1.52	3.91	1.15	-1	0	0	-18.67	263.15	
416	60557.45	41.03	1.6	4.7	164.24	-48.219	-0.018	0	0	1.2	4.02	1.15	-1	0	0	-27.36	307.85	
417	60692.00	48.67	1.35	4.4	193.73	-48.137	1.011	0	0	1.17	4.58	1	-1	0	0	-33.33	442.40	
418	60878.20	33.142	2.85	4	152.07	-47.401	2.298	0	0	2.71	4.81	2.5	-1	0	0	-9.77	14.20	
419	61294.25	31.993	1.55	2	74.17	-62.212	0.359	0	0	1.4	2.58	1.15	-1	0	0	-18.27	430.25	
420	61288.50	17.247	1.05	3	43.69	-48.918	0.598	0	0	0.93	2.15	0.7	-1	0	0	-14.88	424.50	
421	61403.95	15.408	1.55	3.3	44.5	-49.203	1.453	0	0	1.23	1.73	1	-1	0	0	-10	539.95	
422	61504.55	22.046	2.8	4.4	100.58	-48.734	1.508	0	0	2.61	4.25	2.4	-1	0	0	-6.75	26.15	
423	61547.90	55.85	2.65	4.6	252.98	-51.125	-2.436	0	0	2.19	5.24	1.8	-1	0	0	-20.43	69.50	
424	61765.30	65.053	3.8	7.25	497.51	-50.15	-1.14	0	0	1.77	8.27	3.05	-1	0	0	-29.34	286.90	
425	61967.95	15.813	2.25	10.85	160.87	-50.362	-2.39	0	0	2.14	1.3	1.2	-1	0	0	-5.91	489.55	
426	61974.15	21.136	1.9	3.45	71.85	-53.257	-2.39	0	0	1.76	3.76	1.15	-1	0	0	-9.58	495.75	
427	62151.75	31.175	2.95	4.3	147	-49.681	-1.37	0	0	2.69	5.14	2.35	-1	0	0	-9.26	58.95	
428	62388.75	20.511	2	3.95	77.08	-51.005	1.057	0	0	1.84	3.2	1.3	-1	0	0	-8.94	295.95	
429	62455.85	25.944	1.7	6.65	145.17	-48.881	0.423	0	0	1.55	5.86	0.9	-1	0	0	-13.4	363.05	
430	62641.60	25.925	2.6	6.25	159.49	-50.591	-0.037	0	0	2.45	7.15	2.2	-1	0	0	-8.48	548.80	
431	62699.60	17.412	1.2	6.55	79.76	-48.026	0.331	0	0	1.08	3.76	0.35	-1	0	0	-12.89	606.80	
432	62792.40	39.771	1.6	5	172.82	-48.302	-0.331	0	0	1.37	4.08	1.2	-1	0	0	-23.26	85.20	
433	63081.60	47.098	2.9	4.45	202.55	-50.536	-1.462	0	0	1.9	4.67	1.5	-1	0	0	-19.83	374.40	
434	63090.95	47.383	1.1	4.25	175.84	-54.554	-1.462	0	0	0.89	4.06	0.75	-1	0	0	-42.36	383.75	
435	63214.85	33.731	1.05	4.05	115.81	-49.13	-0.524	0	0	0.78	3.57	0.7	-1	0	0	-34.48	507.65	
436	63440.60	27.783	3.75	5.25	154.43	-51.336	1.82	0	0	3.14	5.49	2.05	-1	0	0	-7.07	119.00	
437	63499.35	28.84	2.7	3.1	119.09	-49.35	-1.204	0	0	2.13	4.82	2.15	-1	0	0	-10.85	177.75	
438	63622.65	33.767	2	4.7	154.58	-52.311	2.28	0	0	1.78	5.86	1.55	-1	0	0	-15.15	301.05	
439	63696.55	23.011	3.05	3.15	101.8	-51.989	-1.517	0	0	2.81	4.34	2.35	-1	0	0	-6.55	374.95	
440	63799.15	19.417	2.1	2.45	56.43	-50.251	-2.464	0	0	1.97	3.03	1.45	-1	0	0	-7.87	477.55	
441	63885.75	46.721	1.45	4.7	201.63	-49.838	-0.634	0	0	1.02	4.95	1.1	-1	0	0	-36.81	564.15	
442	63954.30	17.385	3.6	3.75	84.94	-48.449	0.009	0	0	3.18	4.66	3.15	-1	0	0	-4.38	18.30	
443	64296.85	16.511	3.4	2.1	55.13	-51.63	0.386	0	0	3.09	3.05	2.75	-1	0	0	-4.27	360.85	
444	64343.00	40.672	1.3	4.4	146.48	-51.888	-0.625	0	0	1.1	3.54	0.85	-1	0	0	-29.69	407.00	
445	64418.10	47.76	2	5.5	235.25	-48.881	-0.506	0	0	1.25	5.29	1.4	-1	0	0	-30.48	482.10	
446	64989.60	38.254	2.95	5.65	223.82	-51.29	0.469	0	0	2.49	6	2.2	-1	0	0	-12.29	439.20	
447	65212.70	20.419	1.05	4.7	74.96	-52.522	-1.6	0	0	0.96	4.46	0.5	-1	0	0	-17.03	47.90	
448	65325.85	52.586	1.6	6.55	278.93	-51.042	0.965	0	0	1.09	5.6	1.1	-1	0	0	-38.69	161.05	
449	65370.75	14.636	1.35	2.95	41.1	-53.588	-0.276	0	0	1.2	2.44	1	-1	0	0	-9.73	205.95	
450	65470.25	10.839	0.5	4.25	36.58	-55.85	0.717	0	0	0.4	1.76	0.15	-1	0	0	-21.44	305.45	
451	65696.45	38.042	1.5	4.9	157.93	-53.083	4.155	0	0	1.12	4.63	1.1	-1	0	0	-27.13	531.65	
452	65949.05	50.104	1.5	3.85	187.76	-53.193	0.184	0	0	1.11	4.06	1.1	-1	0	0	-35.96	169.85	
453	66263.80	18.451	1.45	2.95	47.3	-53.846	-0.671	0	0	1.24	2.53	0.8	-1	0	0	-11.91	484.60	
454	66423.95	41.986	1.6	4.2	168.46	-53.368	1.342	0	0	0.63	3.93	1.25	-1	0	0	-53.06	30.35	
455	66502.25	17.504	2.15	3.35	63.18	-49.599	0.625	0	0	1.98	4.11	1.05	-1	0	0	-7.07	108.65	
456	66566.50	42.327	2.25	4	172.46	-50.058	-0.193	0	0	1.86	3.92	1.75	-1	0	0	-18.22	172.90	
457	66620.25	50.26	2.8	9.15	389.3	-49.534	0.349	0	0	2.12	8.08	1.6	-1	0	0	-18.98	226.65	
458	67142.05	34.337	2.2	6.1	181.32	-49.626	-0.349	0	0	1.92	4.82	1.45	-1	0	0	-14.34	134.05	
459	67226.35	41.536	1.2	4.3	154.58	-52.825	0.285	0	0	0.98	4.32	0.95	-1	0	0	-33.91	218.35	
460	67282.40	39.835	1.7	3.7	152.57	-52.467	2.28	0	0	1.45	3.81	1.4	-1	0	0	-21.99	274.40	
461	67399.60	31.35	1.3	3.15	98.29	-52.384	0.607	0	0	1.14	3.49	0.95	-1	0	0	-21.97	391.60	
462	67460.70	18.083	2.55	3.6	77.9	-50.922	-1.241	0	0	2.32	4.79	1.95	-1	0	0	-6.24	452.70	
463	67542.20	38.539	1.7	4.45	158.25	-49.461	-1.526	0	0	1.39	3.97	1.25	-1	0	0	-22.25	534.20	
464	67554.45	42.823	5.25	10.6	457.99	-51.06	-1.526	0	0	4.79	10.26	3.35	-1	0	0	-7.16	546.45	
465	67671.30	57.597	2.25	5.8	314.64	-53.818	-1.499	0	0	1.62	6.23	1.55	-1	0	0	-28.39	48.90	
466	67684.95	41.095	0.95	4.2	154.7	-56.972	-1.499	0	0	0.79	4.03	0.65	-1	0	0	-41.66	62.55	
467	67759.85	12.935	1.45	1.6	25.97	-58.314	-1.278	0	0	1.35	1.18	1	-1	0	0	-7.66	137.45	
468	67744.20	33.151	1.7	4.1	133.05	-55.914	0.046	0	0	1.48	4.43	1.35	-1	0	0	-17.94	121.80	
469	67967.55	44.055	2.1	3.1	153.09	-52.458	-0.68	0	0	1.14	3.55	1.6	-1	0	0	-31	345.15	
470	67973.85	19.665	1.3	2.9	51.24	-58.231	-0.68	0	0	1.23	2.86	0.6	-1	0	0	-12.77	351.45	
471	68349.45	11.391	2.25	1.05	22.18	-51.281	-0.45	0	0	2.17	0.27	0.15	-1	0	0	-4.19	112.65	
472	68518.30	52.191	2.8	4.8	273.95	-54.103	0.129	0	0	1.53	5.82	2.2	-1	0	0	-27.21	281.50	
473	68711.65	47.558	4	4.85	289.1	-50.748	0.671	0	0	3.78	6.95	3.25	-1	0	0	-10.08	474.85	
474	68985.50	17.458	2.2	2.05	51.91	-50.922	-1.885	0	0	2.03	3.26	1.85	-1	0	0	-6.88	134.30	
475	69081.15	11.299	0.9	2.4	24.82	-49.074	-0.074	0	0	0.81	2.45	0.15	-1	0	0	-11.11	229.95	
476	69437.20	56.209	1.25	5.35	253.1	-51.088	0.303	0	0	0.9	5.13	0.8	-1	0	0	-49.84	586.00	
477	69497.50	33.482	3.3	8	249.83	-49.139	0.386	0	0	2.7	8.33	2.15	-1	0	0	-9.92	31.90	
478	69525.25	34.227	1.05	3.45	104.42	-53.202	-0.377	0	0	0.9	3.48	0.8	-1	0	0	-30.46	59.65	
479	69683.60	33.492	1.8	5.05	156.43	-49.24	-0.037	0	0	1.6	5.91	1.3	-1	0	0	-16.75	218.00	
480	70026.85	27.038	1.8	3.9	103.22	-50.711	-1.002	0	0	1.68	4.53	1.5	-1	0	0	-12.88	561.25	
481	70193.70	87.126	3.8	6.55	595.5	-49.24	0.285	0	0	2.38	7.86	2.5	-1	0	0	-29.34	113.70	
482	70512.95	36.195	2.6	5.2	184.23	-50.996	-0.441	0	0	1.92	5.32	1.9	-1	0	0	-15.1	432.95	
483	70575.40	42.961	1.15	3.7	139.79	-52.779	2.124	0	0	0.98	3.65	0.8	-1	0	0	-35.14	495.40	
484	71236.45	15.601	1.35	4.3	50.2	-50.251	0.46	0	0	1.22	1.78	0.4	-1	0	0	-10.26	542.05	
485	71614.10	43.65	2.65	7.1	264.51	-48.725	3.218	0	0	2.25	5.93	1.7	-1	0	0	-15.52	305.30	
486	71699.25	37.592	3	4.7	193.63	-50.086	-0.055	0	0	1.82	6.01	2.3	-1	0	0	-16.5	390.45	
487	71784.80	7.916	1.45	2.75	21.19	-52.237	0.101	0	0	1.32	2.29	0.5	-1	0	0	-4.79	476.00	
488	71948.90	16.328	1.1	3.4	50.25	-53.772	-2.776	0	0	0.98	2.05	0.4	-1	0	0	-13.28	25.70	
489	72075.00	11.758	1.35	2.2	29.49	-52.871	-0.818	0	0	0.97	3.06	0.95	-1	0	0	-9.68	151.80	
490	72245.90	55.556	1.65	4.75	247.05	-48.1	0.239	0	0	1.04	5.1	1.2	-1	0	0	-42.64	322.70	
491	72479.25	24.004	3.05	4.2	108.52	-50.012	0.625	0	0	2.39	5.21	2.05	-1	0	0	-8.04	556.05	
492	72493.15	20.271	2	5.55	101.89	-49.24	0.625	0	0	1.75	4.78	1.4	-1	0	0	-9.26	569.95	
493	72555.55	19.113	1.45	5.35	89.58	-51.685	-1.517	0	0	1.38	5.03	1.15	-1	0	0	-11.05	17.95	
494	72542.65	11.106	2.85	2.35	36.12	-48.174	0.064	0	0	2.61	2.12	1.1	-1	0	0	-3.4	5.05	
495	72582.95	11.575	1.4	2.2	23.43	-51.171	-0.653	0	0	1.3	0.77	0.4	-1	0	0	-7.12	45.35	
496	72817.15	12.871	1.2	3	37.12	-49.222	1.655	0	0	1.08	0.96	0.85	-1	0	0	-9.51	279.55	
497	72833.10	43.237	3.4	5.85	254.84	-51.915	-0.414	0	0	2.18	6.43	2.35	-1	0	0	-15.89	295.50	
498	72860.95	11.161	2.35	1.15	25.87	-55.528	1.673	0	0	2.22	1.53	1.4	-1	0	0	-4.03	323.35	
499	72938.55	18.837	4.8	2.85	86.59	-65.347	-0.322	0	0	4.65	1.21	0.45	-1	0	0	-3.24	400.95	
500	73119.85	17.412	1.15	3.5	51.64	-51.961	0.616	0	0	1.04	2.85	0.85	-1	0	0	-13.36	582.25	
