500	Time (ms)	Amplitude	Rise (ms)	Decay (ms)	Area	Baseline	Noise	Group	Channel	10-90Rise	HalfWidth	Rise50	Peak Dir	Burst#	BurstE#	10-90Slope	Rel Time	
1	30.50	26.717	1.7	3.05	85.02	-70.056	-2.374	0	0	1.52	3.44	1.45	-1	0	0	-14.07	30.50	
2	62.05	26.656	1.7	4.85	120.01	-70.532	-1.441	0	0	1.53	4.88	1.15	-1	0	0	-13.97	62.05	
3	142.05	15.393	1.5	2.8	39.45	-70.918	0.122	0	0	1.32	0.89	0.75	-1	0	0	-9.3	142.05	
4	215.90	15.961	0.75	3.2	42.3	-70.502	2.983	0	0	0.62	2.84	0.15	-1	0	0	-20.64	215.90	
5	395.40	19.624	1.9	4	77.24	-69.954	0.416	0	0	1.75	4	1.7	-1	0	0	-8.97	395.40	
6	690.75	11.162	1.4	2.25	27.28	-70.654	-2.303	0	0	1.28	1.96	1.1	-1	0	0	-6.96	76.35	
7	1011.25	28.097	1.75	4.35	120.34	-69.853	-1.776	0	0	1.58	4.44	1.2	-1	0	0	-14.25	396.85	
8	1209.15	19.006	1.2	4.65	84.73	-71.385	0.294	0	0	0.88	5.11	0.9	-1	0	0	-17.28	594.75	
9	1452.95	14.439	0.7	4.15	47.15	-68.909	-1.522	0	0	0.57	3.33	0.35	-1	0	0	-20.2	224.15	
10	1630.05	36.357	2.45	6.7	218.52	-70.127	1.603	0	0	1.97	6.91	1.75	-1	0	0	-14.78	401.25	
11	1946.40	35.505	1.8	4.5	159.83	-69.031	1.928	0	0	0.91	5.16	1.5	-1	0	0	-31.24	103.20	
12	1999.75	60.659	3.65	9.65	556.94	-72.511	0.406	0	0	2.71	7.15	2.75	-1	0	0	-17.89	156.55	
13	2005.45	31.842	1.1	1.9	65.65	-97.402	0.406	0	0	0.96	2.47	0.85	-1	0	0	-26.46	162.25	
14	2011.95	13.161	0.7	2.45	27.32	-88.696	0.406	0	0	0.59	1.59	0.45	-1	0	0	-17.73	168.75	
15	2091.90	20.913	2.55	5.1	110.95	-70.928	1.197	0	0	2.4	5.01	2.3	-1	0	0	-6.96	248.70	
16	2426.85	16.814	2.15	1.9	47.98	-71.456	0.223	0	0	1.89	3.13	1.85	-1	0	0	-7.1	583.65	
17	2467.35	26.941	1.3	4.95	115.52	-69.437	2.618	0	0	0.71	4.6	0.85	-1	0	0	-30.28	9.75	
18	2588.90	39.279	2.1	4.5	178.68	-70.319	-2.06	0	0	1.92	5.48	1.8	-1	0	0	-16.34	131.30	
19	2606.35	19.178	1.3	3.6	62.84	-72.521	1.877	0	0	1.17	3.74	1.15	-1	0	0	-13.06	148.75	
20	2703.15	15.647	1.55	3.35	46.4	-70.543	2.05	0	0	1.42	2.74	0.25	-1	0	0	-8.8	245.55	
21	2883.60	7.519	3.1	0.7	21.6	-70.705	1.299	0	0	3.04	0.48	0.4	-1	0	0	-1.98	426.00	
22	3021.25	13.983	1.5	1.9	31.23	-70.177	-2.973	0	0	1.39	2.72	0.9	-1	0	0	-8.06	563.65	
23	3109.50	35.332	1.9	4.15	149.95	-70.898	1.197	0	0	1.1	4.7	1.5	-1	0	0	-25.59	37.50	
24	3156.20	20.051	1.15	2.45	43.96	-89.031	1.157	0	0	1	2.43	0.75	-1	0	0	-16.04	84.20	
25	3149.75	27.326	1.8	2.85	83.64	-71.385	0.203	0	0	1.53	3.67	1.5	-1	0	0	-14.31	77.75	
26	3248.50	47.58	2.25	5.5	238.47	-70.898	-2.05	0	0	1.72	5.02	1.05	-1	0	0	-22.18	176.50	
27	3412.90	18.143	1.75	1.45	40.96	-90.127	-1.015	0	0	1.65	2.78	1.5	-1	0	0	-8.82	340.90	
28	3405.55	26.697	2.3	4.75	117.04	-73.424	2.75	0	0	1.4	4.17	1.25	-1	0	0	-15.23	333.55	
29	3531.50	18.742	4.7	4.65	103.85	-73.597	2.192	0	0	4.57	4.6	1.05	-1	0	0	-3.28	459.50	
30	3718.55	12.795	2.8	1.05	25.99	-70.806	-1.096	0	0	2.6	0.55	0.2	-1	0	0	-3.94	32.15	
31	4177.90	31.294	1.35	5	120.34	-73.566	-1.887	0	0	0.63	4.18	0.6	-1	0	0	-39.9	491.50	
32	4623.65	40.619	2.6	4.4	197.45	-73.049	-0.244	0	0	2.29	5.48	2.05	-1	0	0	-14.18	322.85	
33	4989.30	27.864	2	4.6	116.47	-72.146	0.467	0	0	1.82	4.45	1.4	-1	0	0	-12.28	74.10	
34	5210.25	14.378	1.85	2.3	38.31	-72.521	-1.268	0	0	1.6	3.33	1.15	-1	0	0	-7.18	295.05	
35	5310.65	25.175	2	4.75	110.61	-72.075	-0.781	0	0	1.82	4.61	1.6	-1	0	0	-11.08	395.45	
36	5497.15	10.056	0.95	2.85	23.82	-70.492	0.294	0	0	0.84	1.39	0.4	-1	0	0	-9.58	581.95	
37	5559.15	15.231	1.5	3.15	44.27	-75.647	-1.857	0	0	1.37	2.92	1.15	-1	0	0	-8.92	29.55	
38	5758.30	17.433	1.15	4.15	57.84	-71.659	-2.232	0	0	1.04	0.93	0.8	-1	0	0	-13.45	228.70	
39	5845.00	13.191	1.1	3.55	39.48	-70.593	1.147	0	0	0.83	2.94	0.55	-1	0	0	-12.77	315.40	
40	6207.75	23.805	4.55	5.85	158.49	-69.264	-0.294	0	0	4.39	6.35	1.65	-1	0	0	-4.34	63.75	
41	6294.90	33.374	1.65	4.65	132.52	-71.567	-1.279	0	0	1.47	3.91	1.2	-1	0	0	-18.21	150.90	
42	6548.95	11.639	2.3	1.75	27.57	-71.659	-0.741	0	0	2.21	1.29	0.85	-1	0	0	-4.22	404.95	
43	6581.90	28.422	3.8	5.55	152.23	-69.447	-0.873	0	0	1.72	5.2	1.6	-1	0	0	-13.23	437.90	
44	6819.65	15.687	0.6	4.4	51.47	-72.085	0.68	0	0	0.48	3.31	0.15	-1	0	0	-26.35	61.25	
45	6879.20	12.116	2.3	2.6	37.56	-71.638	0.315	0	0	2.09	2.7	1.3	-1	0	0	-4.64	120.80	
46	6893.20	34.389	2	6.25	182.23	-73.008	-3.075	0	0	1.59	5.09	1.2	-1	0	0	-17.3	134.80	
47	7020.75	15.657	1.35	6.55	74.63	-70.603	1.796	0	0	1.14	2.29	0.85	-1	0	0	-10.95	262.35	
48	7033.35	26.098	1.8	2.9	76.53	-76.966	1.451	0	0	1.23	3.4	1.15	-1	0	0	-16.96	274.95	
49	7238.60	19.574	1.45	5.35	87.64	-70.857	-0.578	0	0	1.27	4.21	0.7	-1	0	0	-12.36	480.20	
50	7359.05	21.735	3.05	3.55	102.57	-72.075	-1.918	0	0	2.7	4.98	2.4	-1	0	0	-6.44	600.65	
51	7499.10	22.587	1.8	1.5	53.61	-73.495	-0.375	0	0	1.7	2.66	1.55	-1	0	0	-10.6	126.30	
52	8035.15	26.169	1.8	4.05	95.11	-70.786	-0.781	0	0	1.41	3.43	1.15	-1	0	0	-14.86	47.95	
53	8116.70	10.857	2.2	2.05	29.34	-72.207	-2.719	0	0	1.66	2.56	0.6	-1	0	0	-5.23	129.50	
54	8149.25	36.946	2.35	4.1	161.27	-73.394	0.538	0	0	2.16	5.2	1.9	-1	0	0	-13.67	162.05	
55	8224.15	32.836	2.65	6.6	179.84	-72.836	1.715	0	0	1.75	5.11	1.65	-1	0	0	-15.04	236.95	
56	8303.60	14.318	1.1	2.15	25.92	-71.669	0.639	0	0	0.99	1.44	0.55	-1	0	0	-11.59	316.40	
57	9003.45	17.189	1.25	4.6	58.27	-74.571	-0.02	0	0	1.14	2.09	0.35	-1	0	0	-12.06	401.85	
58	9470.20	11.71	0.9	2.95	29.87	-71.273	0.081	0	0	0.8	2.46	0.35	-1	0	0	-11.68	254.20	
59	9879.95	35.809	1.8	4.25	141.13	-72.328	0.02	0	0	0.82	4.08	1.25	-1	0	0	-34.99	49.55	
60	9968.40	20.396	1.2	3.6	61.66	-73.678	1.4	0	0	1.07	3.26	0.75	-1	0	0	-15.3	138.00	
61	10013.30	14.368	1.35	4.15	52.39	-71.801	2.567	0	0	1.17	2.88	0.2	-1	0	0	-9.79	182.90	
62	10039.70	11.953	2	0.85	18.44	-72.897	0.751	0	0	1.67	0.47	0.3	-1	0	0	-5.73	209.30	
63	10302.90	13.161	3.15	2.65	38.7	-73.678	-0.457	0	0	2.43	0.51	0.15	-1	0	0	-4.33	472.50	
64	10322.85	46.139	2.55	6.2	272.4	-73.658	-2.222	0	0	2.01	6.13	1.65	-1	0	0	-18.37	492.45	
65	10632.35	20.193	1.95	3.3	64.77	-71.07	-1.958	0	0	1.37	3.56	1.2	-1	0	0	-11.79	187.55	
66	10724.25	14.764	1.95	2.7	41.92	-70.299	0.974	0	0	1.8	2.13	1.1	-1	0	0	-6.56	279.45	
67	10936.25	13.709	2.1	2	28.08	-72.592	-1.339	0	0	1.91	0.82	0.25	-1	0	0	-5.74	491.45	
68	11258.05	21.613	1.7	7.35	139.27	-69.528	0.041	0	0	1.53	7.36	1.25	-1	0	0	-11.29	198.85	
69	11278.65	31.06	1.5	4.75	128.23	-70.847	-3.004	0	0	1.27	4.07	0.95	-1	0	0	-19.63	219.45	
70	11366.35	15.038	0.95	3.85	52.44	-69.751	2.861	0	0	0.64	3.88	0.85	-1	0	0	-18.86	307.15	
71	11531.95	12.359	2.05	2.55	38.45	-69.64	-0.041	0	0	1.95	3.52	1.95	-1	0	0	-5.08	472.75	
72	11588.20	30.269	1.45	5.3	137.91	-70.695	-0.132	0	0	0.96	4.77	1.05	-1	0	0	-25.19	529.00	
73	11853.70	39.898	2.05	4.75	178.08	-70.492	0	0	0	0.91	4.49	1.5	-1	0	0	-35.19	180.10	
74	12277.75	15.282	3.55	2.2	54.63	-70.746	2.141	0	0	2.68	2.97	2.15	-1	0	0	-4.57	604.15	
75	12446.30	26.667	1.4	4.05	94.4	-67.823	-0.548	0	0	1.27	3.79	0.9	-1	0	0	-16.74	158.30	
76	12470.50	28.392	2.5	3.85	120.6	-71.03	0.284	0	0	2.21	5.1	2.2	-1	0	0	-10.28	182.50	
77	12411.10	8.28	2.1	1.45	19.13	-69.995	-0.081	0	0	2.01	1.35	0.9	-1	0	0	-3.29	123.10	
78	12874.55	20.193	1.45	4.2	79.52	-70.025	1.157	0	0	1.3	4.06	1.1	-1	0	0	-12.45	586.55	
79	12931.20	17.433	1.8	2.7	47.58	-71.04	-3.075	0	0	1.67	1.74	1.4	-1	0	0	-8.33	28.80	
80	13165.85	19.878	2.8	3.7	81.61	-67.701	-0.406	0	0	2.65	2.12	1.95	-1	0	0	-5.99	263.45	
81	13500.60	8.503	0.65	2.55	17.93	-70.715	-1.4	0	0	0.59	1.12	0.55	-1	0	0	-11.58	598.20	
82	13620.95	22.161	1.45	2.7	56.63	-71.77	-1.745	0	0	1.16	2.7	0.95	-1	0	0	-15.33	104.15	
83	13729.10	9.366	0.9	1.4	12.8	-72.369	-1.299	0	0	0.81	0.99	0.6	-1	0	0	-9.21	212.30	
84	13990.95	8.422	1.95	0.7	13.46	-73.475	0.01	0	0	1.87	0.45	0.15	-1	0	0	-3.61	474.15	
85	14074.15	17.047	1.5	3.55	54.24	-71.496	-1.877	0	0	1.14	3.36	0.95	-1	0	0	-12.01	557.35	
86	14092.85	10.756	1.75	2.9	30.01	-74.622	-0.528	0	0	1.59	1.39	0.85	-1	0	0	-5.4	576.05	
87	14244.85	38.326	1.35	4	128.71	-69.934	0.619	0	0	1.16	3.8	0.95	-1	0	0	-26.49	113.65	
88	14257.55	21.938	2.9	3.85	102.91	-75.971	-1.431	0	0	2.5	4.36	2.3	-1	0	0	-7.01	126.35	
89	14313.25	17.037	1.8	3.3	57.98	-71.882	0.193	0	0	1.62	3.44	1.6	-1	0	0	-8.42	182.05	
90	14387.40	12.126	1.6	0.45	13.79	-71.436	2.111	0	0	1.42	0.54	0.2	-1	0	0	-6.83	256.20	
91	14419.90	12.755	1.55	3.25	38.94	-70.502	-1.624	0	0	1.41	3.03	0.5	-1	0	0	-7.23	288.70	
92	14463.75	10.665	1.05	2.6	23.15	-70.522	1.512	0	0	0.91	0.56	0.45	-1	0	0	-9.33	332.55	
93	14579.90	17.25	1.7	2.85	51.44	-71.912	-0.284	0	0	1.48	3.81	1.2	-1	0	0	-9.31	448.70	
94	14802.10	15.221	1.1	3.95	49.43	-71.304	-1.837	0	0	0.9	2.65	0.9	-1	0	0	-13.5	56.50	
95	14835.75	17.23	1.75	2.05	41.50	-70.045	-3.298	0	0	1.64	2.42	1.2	-1	0	0	-8.39	90.15	
96	14916.00	12.481	2.45	1.8	32.25	-70.837	-0.71	0	0	2.09	2.48	1.45	-1	0	0	-4.78	170.40	
97	15094.25	20.528	1.4	5.55	102.07	-68.99	3.227	0	0	1.02	5.09	0.75	-1	0	0	-16.14	348.65	
98	15296.65	7.641	2.3	0.8	12.6	-71.537	2.06	0	0	1.78	0.34	0.2	-1	0	0	-3.44	551.05	
99	15312.30	9.711	1.65	0.45	11.28	-72.359	0.132	0	0	1.14	1.04	0.65	-1	0	0	-6.81	566.70	
100	15643.45	14.257	1.6	1.35	23.62	-70.238	2.395	0	0	1.15	0.52	0.15	-1	0	0	-9.91	283.45	
101	15819.10	15.048	2.95	4.2	71	-71.628	1.989	0	0	2.5	4.32	2.3	-1	0	0	-4.81	459.10	
102	15933.50	48.686	2.75	4.7	225.31	-72.247	0.051	0	0	2.45	5.32	1.7	-1	0	0	-15.9	573.50	
103	16533.30	23.389	1.75	5	103.33	-70.34	-0.233	0	0	1.43	4.62	1.2	-1	0	0	-13.09	558.90	
104	16562.15	16.712	1.45	3.3	45.76	-68.533	1.786	0	0	1.19	2.94	0.95	-1	0	0	-11.22	587.75	
105	16771.25	12.897	1.6	2.85	33.19	-69.254	-0.315	0	0	1.45	1.97	1.15	-1	0	0	-7.12	182.45	
106	16890.85	17.179	3.15	2.15	57.96	-71.456	1.654	0	0	2.6	4.17	2.1	-1	0	0	-5.29	302.05	
107	17007.35	17.25	0.9	2.7	43.45	-70.827	0.254	0	0	0.77	3.2	0.75	-1	0	0	-17.98	418.55	
108	17187.95	19.827	1.9	4.05	72.84	-72.673	0.132	0	0	1.32	3.84	1.3	-1	0	0	-12.02	599.15	
109	17458.15	15.88	2.15	4.15	56.31	-69.751	-0.781	0	0	1.35	2.52	0.85	-1	0	0	-9.4	254.95	
110	17543.80	22.07	2.45	4.25	93.71	-73.242	0.548	0	0	2.28	3.14	1.75	-1	0	0	-7.75	340.60	
111	17617.40	14.247	2.4	3.8	53.13	-71.841	0.71	0	0	2.25	2.85	1	-1	0	0	-5.07	414.20	
112	17663.85	22.851	1.95	4.45	103.92	-70.279	-3.623	0	0	1.63	5.46	1.6	-1	0	0	-11.25	460.65	
113	17838.80	34.013	3.7	4.25	181.46	-71.578	0.406	0	0	3.33	6.06	2.95	-1	0	0	-8.16	21.20	
114	17887.45	12.887	1.9	3.35	44.9	-69.893	-3.359	0	0	1.77	4	1.05	-1	0	0	-5.83	69.85	
115	17912.85	11.588	2.2	1.5	23.9	-72.126	4.028	0	0	1.44	2.37	1.3	-1	0	0	-6.44	95.25	
116	18033.25	44.536	1.95	5.2	212.44	-69.974	-1.147	0	0	1.49	5.38	1.6	-1	0	0	-23.91	215.65	
117	18077.35	21.238	2.65	4	85.07	-70.543	0.355	0	0	2.24	4.88	2	-1	0	0	-7.59	259.75	
118	18083.30	14.805	1.65	3.3	49.1	-74.794	0.355	0	0	1.14	3.59	0.35	-1	0	0	-10.39	265.70	
119	18408.85	20.883	1.3	3.65	68.45	-71.476	-2.232	0	0	1.11	3.24	0.9	-1	0	0	-15.04	591.25	
120	18734.40	21.065	3.15	1.75	68.02	-71.74	-2.588	0	0	3.02	3.06	2.95	-1	0	0	-5.58	302.40	
121	18744.15	25.114	3.05	2.95	99.93	-75.261	-4.262	0	0	2.75	4.24	2.45	-1	0	0	-7.3	312.15	
122	18853.70	9.051	1	1.4	13.71	-72.176	-1.441	0	0	0.93	0.46	0.15	-1	0	0	-7.81	421.70	
123	19197.85	10.157	2.65	1.85	30.15	-69.406	-3.379	0	0	2.52	2.02	1.2	-1	0	0	-3.23	151.45	
124	19394.70	28.138	2	3.65	111.8	-71.192	-0.446	0	0	1.82	4.18	1.65	-1	0	0	-12.37	348.30	
125	19426.05	35.89	2.05	4.35	158.06	-76.479	0.589	0	0	1.85	4.73	1.65	-1	0	0	-15.54	379.65	
126	19561.70	12.471	1.65	2.1	29.29	-71.912	-1.299	0	0	1.54	2.03	0.7	-1	0	0	-6.48	515.30	
127	19625.05	22.628	1.75	3.8	79.45	-72.775	-1.045	0	0	1.41	3.49	1.2	-1	0	0	-12.83	578.65	
128	20093.40	20.791	2.95	2.75	71.25	-71.689	0.426	0	0	2.41	4.1	2.3	-1	0	0	-6.9	432.60	
129	20318.00	9.904	1.2	2	21.61	-74.307	-0.325	0	0	1.1	2.2	0.9	-1	0	0	-7.2	42.80	
130	20449.80	15.505	1.3	2	35.38	-73.262	1.948	0	0	1.2	2.38	1.05	-1	0	0	-10.31	174.60	
131	20496.55	13.252	1	3.55	39.21	-70.766	-0.842	0	0	0.91	1.84	0.45	-1	0	0	-11.7	221.35	
132	20576.95	21.136	1.05	8.65	178.43	-71.151	0.193	0	0	0.7	7.56	0.45	-1	0	0	-24.22	301.75	
133	20580.25	22.902	0.85	2.7	57.84	-80.121	0.193	0	0	0.76	2.6	0.5	-1	0	0	-23.97	305.05	
134	20648.60	15.403	1.55	3.25	47.29	-71.71	-1.542	0	0	1.36	3.05	1	-1	0	0	-9.05	373.40	
135	20795.20	14.338	2.95	2.75	46.43	-71.578	1.086	0	0	1.61	3.77	1.1	-1	0	0	-7.13	520.00	
136	21031.05	21.634	3.25	5.45	113.37	-71.618	1.268	0	0	2.33	5.14	1.85	-1	0	0	-7.44	141.45	
137	21152.20	21.015	4.8	4.95	116.01	-71.831	-0.304	0	0	4.33	4.83	1.25	-1	0	0	-3.88	262.60	
138	21262.75	32.227	2.75	4.5	153.74	-71.963	-2.719	0	0	2.52	5.08	2	-1	0	0	-10.23	373.15	
139	21305.70	16.864	2.1	2.7	55.26	-75.718	-1.451	0	0	1.96	3.76	1.8	-1	0	0	-6.87	416.10	
140	21330.30	12.319	1.55	2.05	29.86	-75.444	-0.893	0	0	1.36	2.98	1.25	-1	0	0	-7.27	440.70	
141	21513.25	21.035	1.7	4.9	86.33	-71.283	-0.71	0	0	1.09	4.56	0.85	-1	0	0	-15.48	9.25	
142	21585.20	19.848	1.35	3.25	62.35	-72.46	0.619	0	0	1.2	3.98	1.1	-1	0	0	-13.21	81.20	
143	21753.85	35.667	1.7	4.5	144.05	-71.334	0.771	0	0	1.45	4.74	1.15	-1	0	0	-19.63	249.85	
144	22155.80	40.507	2.3	4.15	174.48	-72.511	-1.268	0	0	1.6	4.72	1.85	-1	0	0	-20.24	37.40	
145	22307.35	31.831	2.75	4.45	158.09	-72.521	3.775	0	0	2.48	5.53	2.1	-1	0	0	-10.25	188.95	
146	22360.75	13.039	0.4	3.8	36.91	-74.561	1.228	0	0	0.29	1.72	0.25	-1	0	0	-36.55	242.35	
147	22385.15	11.314	2.8	1.3	34.62	-74.875	2.171	0	0	2.71	3.34	2.15	-1	0	0	-3.34	266.75	
148	22573.80	21.481	2.25	1.8	55.02	-73.709	0.162	0	0	1.96	3.06	1.7	-1	0	0	-8.76	455.40	
149	22606.25	43.095	2.1	4.05	179.1	-72.887	-1.583	0	0	1.7	5	1.4	-1	0	0	-20.23	487.85	
150	22633.05	10.583	1.85	1.5	23.38	-72.836	-0.041	0	0	1.68	2.05	1.25	-1	0	0	-5.03	514.65	
151	22680.95	24.911	1.2	4.9	103.97	-70.685	2.08	0	0	1.02	4.14	0.85	-1	0	0	-19.53	562.55	
152	23077.70	29.325	2	11.55	318.23	-71.638	1.329	0	0	1.34	11.6	0.9	-1	0	0	-17.49	344.90	
153	23083.75	24.8	2.4	3	90.41	-84.292	1.329	0	0	1.8	3.41	1.55	-1	0	0	-11.05	350.95	
154	23205.35	20.041	1.45	5.2	91.93	-72.43	-2.364	0	0	1.25	4.13	1.3	-1	0	0	-12.85	472.55	
155	23231.30	12.369	1.7	2.55	33.05	-71.628	-1.847	0	0	1.37	1.78	0.55	-1	0	0	-7.2	498.50	
156	23422.50	14.429	1.8	1.6	31.84	-71.293	-1.654	0	0	1.68	2.58	1.6	-1	0	0	-6.85	75.30	
157	23729.45	13.648	3.25	1.4	41.39	-72.126	-4.11	0	0	3.1	3.33	2.85	-1	0	0	-3.53	382.25	
158	23486.50	8.757	3.6	0.6	24.22	-69.497	-0.335	0	0	3.36	1.64	1.15	-1	0	0	-2.08	139.30	
159	23778.70	13.77	2	4.05	53.53	-73.353	-1.613	0	0	1.72	3.05	0.55	-1	0	0	-6.41	431.50	
160	23945.15	27.833	4.1	5	130.59	-68.29	-0.173	0	0	1.36	4.91	1.25	-1	0	0	-16.31	597.95	
161	24044.00	23.592	1.35	4.05	79.57	-70.735	3.43	0	0	0.97	3.76	0.8	-1	0	0	-19.45	82.40	
162	24054.70	31.233	1.55	3.6	108.54	-72.095	3.43	0	0	1.29	3.45	1.15	-1	0	0	-19.44	93.10	
163	24110.50	32.978	1.85	5.4	160.33	-72.288	-0.761	0	0	1.47	5.08	1.25	-1	0	0	-17.9	148.90	
164	24156.95	23.277	2	2.4	70.12	-68.371	-1.877	0	0	1.74	3.69	1.45	-1	0	0	-10.71	195.35	
165	24287.15	14.49	1.5	3.05	39.62	-72.085	-0.741	0	0	1.44	1.7	0.85	-1	0	0	-8.07	325.55	
166	24558.50	13.688	3.45	1.3	46.6	-70.735	1.025	0	0	3.31	1.37	0.4	-1	0	0	-3.31	596.90	
167	24657.95	10.939	0.8	1.95	18.19	-71.557	-0.741	0	0	0.69	1.79	0.5	-1	0	0	-12.72	81.95	
168	25254.95	18.711	3.3	3.2	66.17	-69.944	-0.629	0	0	1.91	3.78	1.55	-1	0	0	-7.85	64.55	
169	25357.00	33.293	2.9	5.2	148.11	-69.69	-1.502	0	0	2.16	3.9	1.15	-1	0	0	-12.31	166.60	
170	25521.70	14.064	1.7	2.95	37.39	-71.202	-0.863	0	0	1.55	1.81	1.05	-1	0	0	-7.25	331.30	
171	25872.20	23.775	2.85	3.65	86.83	-72.673	-0.538	0	0	1.51	4.19	1.3	-1	0	0	-12.58	67.40	
172	25961.45	22.963	2.3	3.15	77.45	-70.563	-0.558	0	0	2.11	2.49	1.85	-1	0	0	-8.72	156.65	
173	26063.55	17.118	3.3	3	76.04	-71.091	-0.7	0	0	3.21	5.3	2.75	-1	0	0	-4.26	258.75	
174	26170.50	29.011	1.4	4.15	111.88	-69.568	-0.315	0	0	1.22	4.27	1.05	-1	0	0	-19.01	365.70	
175	26356.00	12.268	1.9	0.65	14.85	-71.08	2.121	0	0	1.51	0.71	0.15	-1	0	0	-6.51	551.20	
176	26752.80	14.723	2.3	2	44	-70.918	0	0	0	2.14	3.65	1.8	-1	0	0	-5.49	333.60	
177	26788.55	19.523	1.1	5.35	88.58	-68.107	2.161	0	0	0.81	3.96	0.65	-1	0	0	-19.32	369.35	
178	26922.45	8.706	2.35	0.65	15.81	-70.086	-0.051	0	0	1.74	1.54	1.45	-1	0	0	-4.01	503.25	
179	27014.70	12.237	3.2	0.65	24.07	-68.594	-1.624	0	0	2.75	0.24	0.15	-1	0	0	-3.56	595.50	
180	27180.55	14.602	1.65	3.7	57.44	-68.858	2.456	0	0	1.33	4.18	1.15	-1	0	0	-8.81	146.95	
181	27429.50	14.348	1.15	4.5	53.3	-68.574	1.583	0	0	1.06	4.01	0.75	-1	0	0	-10.79	395.90	
182	27756.05	21.664	1.9	3.35	74.87	-69.954	0.233	0	0	1.65	3.15	1.4	-1	0	0	-10.49	108.05	
183	28249.40	33.12	2.85	5.4	184.25	-70.654	2.547	0	0	2.48	6.35	2.05	-1	0	0	-10.67	601.40	
184	28437.40	43.115	2.5	4.9	217.98	-70.319	-1.076	0	0	1.45	5.41	1.95	-1	0	0	-23.71	175.00	
185	28561.95	16.012	1.7	2.7	42.32	-69.528	-0.416	0	0	1.57	2.34	1.55	-1	0	0	-8.16	299.55	
186	28742.45	14.815	1.8	3.1	46.67	-70.279	-0.68	0	0	1.7	3.57	1	-1	0	0	-6.96	480.05	
187	28798.25	24.099	0.85	4	83.09	-70.116	-0.375	0	0	0.5	3.61	0.75	-1	0	0	-38.47	535.85	
188	29369.25	13.861	2.5	2.15	43.6	-69.518	-1.512	0	0	2.4	3.2	1.75	-1	0	0	-4.63	492.45	
189	29374.95	12.552	1.5	2.85	35.61	-70.492	-1.512	0	0	1.37	0.51	0.3	-1	0	0	-7.32	498.15	
190	29863.55	17.067	2.3	2.9	59.71	-70.005	-0.751	0	0	1.76	4.02	1.45	-1	0	0	-7.77	372.35	
191	30272.75	11.517	0.9	3.5	36.36	-69.822	-0.355	0	0	0.79	3.92	0.6	-1	0	0	-11.67	167.15	
192	30500.50	24.14	1.3	3.6	77.67	-70.076	1.522	0	0	1.12	3.55	0.85	-1	0	0	-17.17	394.90	
193	31161.85	28.797	2.7	4	128.37	-71.436	0.761	0	0	2.15	4.69	2.15	-1	0	0	-10.72	441.85	
194	31206.90	14.389	2.3	1.55	34.27	-70.989	0.558	0	0	2.14	1.09	0.95	-1	0	0	-5.37	486.90	
195	31464.25	14.368	4.25	1.7	54.12	-69.883	2.699	0	0	4.1	2.21	1.15	-1	0	0	-2.81	129.85	
196	31612.85	20.142	2.15	4.9	95.07	-70.472	0.173	0	0	1.98	4.91	1.6	-1	0	0	-8.14	278.45	
197	31631.90	20.112	2.15	4	72.67	-68.767	0.173	0	0	0.81	3.96	0.6	-1	0	0	-19.84	297.50	
198	32587.75	15.566	1.25	4.4	54.57	-70.299	-0.091	0	0	1.14	3.83	0.9	-1	0	0	-10.95	24.55	
199	32834.65	15.911	1.75	4.7	65.61	-69.345	0.091	0	0	1.51	3.53	1.05	-1	0	0	-8.41	271.45	
200	32918.80	9.822	1.75	4.35	34.31	-70.664	1.167	0	0	1.64	1.29	0.25	-1	0	0	-4.79	355.60	
201	32935.95	11.852	2.6	1.35	28.33	-71.71	0.203	0	0	2.43	1.68	1.4	-1	0	0	-3.9	372.75	
202	33046.05	13.607	1.45	3.55	45.29	-71.994	-1.086	0	0	1.07	3.67	1	-1	0	0	-10.13	482.85	
203	33239.50	20.984	0.85	3.65	74.79	-82.374	-0.802	0	0	0.68	3.42	0.6	-1	0	0	-24.68	61.90	
204	33228.15	13.678	2.2	9.8	147.11	-68.391	0.122	0	0	1.06	9.47	0.6	-1	0	0	-10.36	50.55	
205	33231.90	18.803	1.35	3.65	62.24	-72.552	0.122	0	0	1.12	2.88	0.7	-1	0	0	-13.48	54.30	
206	33329.75	29.782	2.75	4.35	128.64	-70.857	-1.816	0	0	2.56	4.32	1.9	-1	0	0	-9.31	152.15	
207	33564.60	15.434	2.05	3.1	47.13	-69.69	-1.36	0	0	1.84	2.66	1.15	-1	0	0	-6.7	387.00	
208	33662.75	14.794	1.5	3.9	47.3	-69.071	2.354	0	0	0.95	1.79	0.9	-1	0	0	-12.43	485.15	
209	34208.90	15.758	2.4	2.15	43.33	-71.192	-0.173	0	0	1.98	1.72	1.6	-1	0	0	-6.35	416.90	
210	34405.10	27.905	1.75	3.85	98.93	-70.877	-2.06	0	0	0.81	4.49	0.85	-1	0	0	-27.54	613.10	
211	34879.90	19.097	2.05	3.1	66.17	-71.76	-1.248	0	0	1.71	3.29	1.45	-1	0	0	-8.94	486.30	
212	34886.75	43.45	1.35	4.7	180.76	-72.186	-1.248	0	0	0.72	4.43	0.9	-1	0	0	-48.16	493.15	
213	34965.35	13.496	2.3	3.65	51.36	-71.77	-0.041	0	0	2.15	4.03	1.5	-1	0	0	-5.03	571.75	
214	35084.20	37.595	2.9	5.8	194.39	-71.334	0.041	0	0	2.16	5.21	1.75	-1	0	0	-13.94	76.20	
215	35419.45	9.772	0.75	4.15	30.7	-70.37	1.39	0	0	0.65	0.55	0.2	-1	0	0	-11.99	411.45	
216	35769.65	18.742	1.75	4.25	73.5	-68.889	0.254	0	0	1.58	4.5	1.3	-1	0	0	-9.52	147.25	
217	35958.50	14.652	1.95	4	54.83	-72.846	0.213	0	0	1.14	3.34	1.1	-1	0	0	-10.29	336.10	
218	36217.70	60.751	2.85	3.7	232.38	-76.225	-0.822	0	0	2.46	3.82	1.15	-1	0	0	-19.78	595.30	
219	36317.60	17.108	2.25	3.45	65.09	-72.643	0.751	0	0	2.13	3.33	1.95	-1	0	0	-6.43	80.80	
220	36386.90	12.156	1.75	1	17.44	-72.552	-1.319	0	0	1.14	0.74	0.65	-1	0	0	-8.53	150.10	
221	36718.15	21.147	1.6	3.9	69.73	-72.724	-0.984	0	0	1.47	3.19	0.6	-1	0	0	-11.51	481.35	
222	36923.80	22.212	1.75	3.5	65.78	-72.247	0.274	0	0	1.59	2.85	0.95	-1	0	0	-11.15	72.60	
223	37114.10	14.815	2.65	3.15	56.91	-71.385	0.781	0	0	2.3	3.56	2	-1	0	0	-5.16	262.90	
224	37246.95	17.615	2.25	4.45	76.57	-70.979	1.553	0	0	2.12	3.25	1.4	-1	0	0	-6.65	395.75	
225	37309.80	11.933	1.2	1.85	19.28	-71.973	0.335	0	0	1.1	0.53	0.15	-1	0	0	-8.71	458.60	
226	37606.25	20.873	2.6	2.55	69.92	-73.536	0.518	0	0	2.4	3.86	1.95	-1	0	0	-6.95	140.65	
227	37967.35	18.011	0.55	5.3	71.02	-75.281	1.979	0	0	0.45	3.69	0.2	-1	0	0	-31.72	501.75	
228	38095.65	10.847	1.15	3.45	30.45	-71.882	0.244	0	0	0.6	0.5	0.4	-1	0	0	-14.52	15.65	
229	38191.25	13.719	1.85	1.3	29.72	-72.186	-1.177	0	0	1.71	2.34	1.6	-1	0	0	-6.41	111.25	
230	38242.55	17.27	0.8	3.1	42.65	-74.327	0.355	0	0	0.48	2.57	0.5	-1	0	0	-28.59	162.55	
231	38538.45	16.55	2	4.1	68.07	-72.055	-0.802	0	0	1.88	4.22	1.45	-1	0	0	-7.04	458.45	
232	38642.95	16.347	3.05	3.1	68.13	-70.969	0.254	0	0	2.93	4.87	2.35	-1	0	0	-4.46	562.95	
233	38684.00	27.367	1.25	7	149.51	-71.151	3.146	0	0	1.09	5.41	0.8	-1	0	0	-20.11	604.00	
234	38757.55	10.33	1.4	1.2	15.34	-73.181	-1.289	0	0	0.88	0.9	0.6	-1	0	0	-9.43	63.15	
235	39129.65	29.619	1.45	4.1	114.78	-81.106	-2.74	0	0	1.17	4.03	1.05	-1	0	0	-20.18	435.25	
236	39122.65	14.632	2	2.4	39.28	-74.023	-2.1	0	0	1.87	2.36	0.85	-1	0	0	-6.28	428.25	
237	39200.85	26.352	4.55	4.5	150.78	-73.221	-1.776	0	0	4.13	6.11	3.3	-1	0	0	-5.1	506.45	
238	39933.60	43.237	1.65	6.85	238.81	-74.216	2.202	0	0	1.15	6.02	1.1	-1	0	0	-29.99	10.40	
239	40138.00	15.647	1.65	3.8	53.16	-74.125	1.309	0	0	1.07	3.33	0.95	-1	0	0	-11.74	214.80	
240	40574.60	23.135	2.55	4.4	108.63	-73.932	1.563	0	0	2.25	4.77	1.95	-1	0	0	-8.23	37.00	
241	40660.30	27.773	1.35	4.55	106.14	-72.268	-2.811	0	0	1.02	4.07	1	-1	0	0	-21.68	122.70	
242	40679.95	30.766	2.15	4.95	142.21	-72.075	1.684	0	0	1.75	5.12	1.4	-1	0	0	-14.07	142.35	
243	40842.50	23.409	1.05	5.15	96.44	-73.485	1.502	0	0	0.9	4.41	0.75	-1	0	0	-20.75	304.90	
244	40933.00	19.046	1.65	4.05	68.72	-72.897	1.005	0	0	1.5	3.59	1.1	-1	0	0	-10.14	395.40	
245	40958.35	14.368	1.3	3.4	46.09	-73.313	0.01	0	0	1.15	3.56	0.95	-1	0	0	-10	420.75	
246	41113.00	23.389	1.85	3.6	72.98	-72.866	-0.416	0	0	1.47	2.46	0.85	-1	0	0	-12.76	575.40	
247	41194.45	38.265	1.85	5.9	201.57	-71.983	-0.71	0	0	1.66	5.76	1.5	-1	0	0	-18.41	42.45	
248	41203.30	24.465	1.75	3.85	91.88	-77.686	-0.71	0	0	1.39	3.76	1	-1	0	0	-14.04	51.30	
249	41794.35	13.79	1.55	2.5	39.8	-74.429	-0.812	0	0	1.46	3.29	1.4	-1	0	0	-7.55	27.95	
250	42249.70	16.002	1.45	2.85	44.08	-73.029	1.045	0	0	1.32	1	0.6	-1	0	0	-9.71	483.30	
251	42529.20	43.115	2.45	3.35	173.4	-71.151	1.624	0	0	2.08	4.6	1.9	-1	0	0	-16.57	148.40	
252	42798.55	23.633	2.8	3.45	102.56	-70.735	0.406	0	0	2.66	4.8	2.5	-1	0	0	-7.1	417.75	
253	43021.65	30.279	1.75	4.7	130.48	-70.847	-1.106	0	0	1.49	4.64	1.35	-1	0	0	-16.26	26.45	
254	43056.75	21.512	1.55	3.25	68.12	-72.623	0.457	0	0	1.44	3.56	1.1	-1	0	0	-11.95	61.55	
255	43106.20	12.978	1.45	3.85	41.42	-72.166	1.36	0	0	1.33	0.92	0.6	-1	0	0	-7.82	111.00	
256	44002.55	47.925	2.55	5.65	262.22	-72.095	-0.883	0	0	2.11	6.28	2	-1	0	0	-18.16	392.95	
257	44359.80	13.1	2.7	2.7	45.89	-73.12	0.365	0	0	2.4	2.46	1.95	-1	0	0	-4.37	135.80	
258	44414.40	23.074	2.2	3.65	92.08	-70.076	0.457	0	0	1.65	3.55	1.85	-1	0	0	-11.21	190.40	
259	44485.45	23.014	1.45	4.7	105.17	-72.998	0.649	0	0	1.29	5.54	1.15	-1	0	0	-14.23	261.45	
260	45125.80	12.491	3.55	3.35	55.03	-69.913	-1.035	0	0	2.54	3.83	1.5	-1	0	0	-3.94	287.40	
261	45218.05	39.959	1.4	4.3	151.36	-70.279	-2.374	0	0	1.24	4.38	1.1	-1	0	0	-25.84	379.65	
262	45263.90	19.208	1.5	3.5	65.59	-73.15	-0.822	0	0	1.35	4.11	1.15	-1	0	0	-11.4	425.50	
263	45643.60	22.232	2.55	5.2	111.99	-70.766	-1.208	0	0	2.37	5.5	1.75	-1	0	0	-7.5	190.80	
264	45677.05	12.511	1.6	1.9	29.95	-73.262	1.055	0	0	1.47	1.73	0.45	-1	0	0	-6.79	224.25	
265	45818.55	15.292	1.5	3	43.26	-72.643	-1.542	0	0	1.35	3.72	0.85	-1	0	0	-9.09	365.75	
266	46098.65	18.965	1.5	3.2	50.25	-71.182	0.244	0	0	1.35	1.9	1	-1	0	0	-11.27	31.45	
267	46474.35	15.15	1.95	1.5	33.75	-72.176	-0.335	0	0	1.63	1.9	1.5	-1	0	0	-7.43	407.15	
268	46542.85	20.933	1.3	4.4	78.57	-71.74	0.406	0	0	0.96	4.71	0.85	-1	0	0	-17.38	475.65	
269	46654.80	31.821	1.6	6.15	163.72	-70.502	1.441	0	0	1.06	5.7	1.1	-1	0	0	-24.06	587.60	
270	46730.00	25.794	1.25	5.55	124.19	-68.838	0.528	0	0	0.87	5.64	0.7	-1	0	0	-23.84	48.40	
271	46849.35	20.588	2.65	3.2	81.23	-71.831	0.863	0	0	2.52	4.16	2.05	-1	0	0	-6.54	167.75	
272	46905.90	19.239	3.45	4.45	100.51	-71.872	-2.09	0	0	3.22	5.21	3.05	-1	0	0	-4.78	224.30	
273	46939.45	27.042	1.95	3.2	89.43	-72.673	0.751	0	0	1.59	4.22	1.35	-1	0	0	-13.59	257.85	
274	47505.05	14.815	1.65	2.7	38.85	-71.77	0.7	0	0	0.93	2.28	0.2	-1	0	0	-12.69	209.05	
275	47542.00	9.69	2.3	2.05	25.08	-73.637	1.126	0	0	2.19	1.54	0.65	-1	0	0	-3.55	246.00	
276	47833.05	22.121	2	5	100.57	-73.658	-2.415	0	0	1.59	4.26	1.15	-1	0	0	-11.14	537.05	
277	48299.70	18.6	2.6	3.2	63.21	-72.257	1.492	0	0	1.82	3.55	1.5	-1	0	0	-8.19	389.30	
278	48332.65	13.983	1.4	3.15	40.41	-72.217	-2.192	0	0	1.24	2.56	0.85	-1	0	0	-9	422.25	
279	48343.55	21.684	2.1	3.85	86.96	-77.098	2.07	0	0	1.7	3.73	1.6	-1	0	0	-10.23	433.15	
280	48541.70	18.762	1.55	4.1	68.2	-74.297	-0.03	0	0	1.37	3.57	0.95	-1	0	0	-10.96	16.90	
281	48833.85	19.564	1.65	3.35	62.46	-72.542	0.67	0	0	1.32	2.64	1.1	-1	0	0	-11.86	309.05	
282	48794.05	9.548	1.5	2.15	21.09	-73.942	1.766	0	0	1.41	0.93	0.15	-1	0	0	-5.43	269.25	
283	49088.65	30.401	2.25	3.95	130.03	-72.065	-1.471	0	0	1.96	4.61	1.7	-1	0	0	-12.39	563.85	
284	49161.95	11.527	1.6	2.05	24.49	-74.997	-2.861	0	0	1.38	1.52	1.1	-1	0	0	-6.7	22.75	
285	49192.05	25.327	2.75	3.5	113.7	-72.41	-1.928	0	0	2.31	5.4	2.1	-1	0	0	-8.77	52.85	
286	49229.10	39.706	2.6	4.8	202.74	-73.272	0.457	0	0	1.44	5.43	1.9	-1	0	0	-22.02	89.90	
287	49521.30	16.936	2.5	3.6	66.56	-73.059	-2.527	0	0	2.38	3.1	2.2	-1	0	0	-5.7	382.10	
288	49536.75	22.79	4.55	2.9	95.11	-70.38	-2.527	0	0	3.92	3.79	1.85	-1	0	0	-4.65	397.55	
289	49899.80	24.597	2.25	4.55	106.27	-72.389	-2.334	0	0	2.1	4.24	1.6	-1	0	0	-9.35	146.20	
290	50359.60	20.862	2.65	4.5	86.22	-69.487	-0.609	0	0	1.78	4.4	1.1	-1	0	0	-9.38	606.00	
291	50597.60	25.824	2.15	3.55	90.39	-72.643	-0.791	0	0	1.88	3.41	1.65	-1	0	0	-11.01	229.60	
292	50874.10	53.394	1.95	4	226.59	-72.217	1.441	0	0	1.51	4.77	1.65	-1	0	0	-28.24	506.10	
293	50893.55	12.694	0.8	1.8	22.39	-70.421	1.441	0	0	0.73	1.11	0.45	-1	0	0	-13.98	525.55	
294	50907.65	20.406	1.85	3.55	71.39	-72.531	-0.68	0	0	1.64	3.26	1.1	-1	0	0	-9.97	539.65	
295	51068.65	18.914	1.6	2.2	47.4	-73.039	0.852	0	0	1.15	3.01	0.95	-1	0	0	-13.11	86.25	
296	51050.80	7.874	2.15	0.65	11.29	-72.663	-0.061	0	0	2.05	0.98	0.9	-1	0	0	-3.07	68.40	
297	51393.05	45.723	1.35	5.8	222.39	-71.862	1.522	0	0	1.17	5.21	0.95	-1	0	0	-31.4	410.65	
298	51448.50	26.423	1.7	4.1	105.48	-72.673	-1.837	0	0	1.49	4.05	1.5	-1	0	0	-14.15	466.10	
299	51506.45	52.156	3.2	5.8	314.7	-71.73	-3.48	0	0	1.81	6.5	2.6	-1	0	0	-23.09	524.05	
300	52131.35	21.715	1.2	5	87.48	-71.699	2.212	0	0	0.98	3.22	0.95	-1	0	0	-17.72	534.55	
301	52441.60	15.424	1.15	3.8	45.74	-72.602	0.406	0	0	1.04	2.57	0.35	-1	0	0	-11.81	230.40	
302	52493.90	39.3	4.05	5	189.66	-73.201	0.812	0	0	3.51	4.78	1.05	-1	0	0	-8.96	282.70	
303	52557.30	33.496	1.15	5.9	161.66	-72.572	1.187	0	0	1.01	5.65	0.85	-1	0	0	-26.45	346.10	
304	52812.20	29.599	1.6	6.3	147.66	-72.521	-0.649	0	0	1.42	4.04	1.25	-1	0	0	-16.63	601.00	
305	52881.50	10.411	3.6	0.95	27.61	-75.738	1.136	0	0	3.38	0.94	0.55	-1	0	0	-2.47	55.90	
306	52925.05	30.898	2.15	4.25	127.45	-71.75	-0.477	0	0	1.5	5.13	1.25	-1	0	0	-16.48	99.45	
307	52938.80	12.511	1.5	1.7	25.9	-70.015	-0.477	0	0	1.16	2.07	1.15	-1	0	0	-8.61	113.20	
308	53145.70	17.727	1.75	3.9	59.5	-73.719	-0.091	0	0	1.59	2.95	1.25	-1	0	0	-8.94	320.10	
309	53260.40	27.752	1.65	5.4	130.96	-74.378	1.025	0	0	1.48	5.15	1.5	-1	0	0	-15.02	434.80	
310	53321.70	33.668	1.9	4.95	164.57	-73.333	1.847	0	0	1.35	5.74	1.45	-1	0	0	-19.96	496.10	
311	53498.25	15.738	1.95	2.05	40.36	-73.465	-1.969	0	0	1.78	2.65	1.5	-1	0	0	-7.08	58.25	
312	53961.55	14.216	0.85	3.65	41.06	-74.074	-1.948	0	0	0.73	3.21	0.4	-1	0	0	-15.6	521.55	
313	54052.25	16.337	1.9	5	73.67	-70.583	-2.638	0	0	1.81	4.16	0.85	-1	0	0	-7.24	612.25	
314	54483.25	16.753	1.1	4.6	63.46	-72.166	-1.025	0	0	0.96	4.07	0.7	-1	0	0	-14	441.65	
315	54624.20	13.749	2.05	2.3	32.03	-73.12	1.532	0	0	1.7	0.74	0.15	-1	0	0	-6.49	582.60	
316	54649.60	24.668	1.9	4.6	109.52	-73.516	1.329	0	0	1.07	4.9	1.4	-1	0	0	-18.52	608.00	
317	54725.65	9.427	1.9	1.3	17.13	-71.943	1.096	0	0	1.75	1.75	0.85	-1	0	0	-4.31	69.65	
318	54810.00	22.151	3.4	3.25	94.01	-72.592	0.335	0	0	3.04	4.33	2.65	-1	0	0	-5.84	154.00	
319	54991.80	20.842	1.4	3.35	67.19	-74.693	-1.624	0	0	1.32	3.62	0.65	-1	0	0	-12.64	335.80	
320	55049.50	20.802	0.85	3.55	58.61	-73.749	3.521	0	0	0.71	3.28	0.5	-1	0	0	-23.36	393.50	
321	55176.05	30.106	1.7	4.75	124.75	-73.607	-2.912	0	0	1.02	4.77	0.85	-1	0	0	-23.63	520.05	
322	55346.20	12.958	1.45	2.45	32.1	-72.471	-0.802	0	0	1.11	0.84	0.5	-1	0	0	-9.32	75.80	
323	55486.45	7.001	0.9	2	11.74	-74.287	-1.664	0	0	0.8	0.53	0.4	-1	0	0	-7.01	216.05	
324	55556.55	30.827	1.75	4.2	126.54	-72.866	0.193	0	0	1.55	4.46	1.55	-1	0	0	-15.86	286.15	
325	55583.35	12.227	0.7	3.55	32.48	-74.551	-2.933	0	0	0.62	0.81	0.4	-1	0	0	-15.71	312.95	
326	55678.90	17.311	1.85	2.9	51.37	-73.526	0.518	0	0	1.68	2.96	1.3	-1	0	0	-8.26	408.50	
327	55711.65	13.567	2.4	0.85	24.44	-74.327	0.903	0	0	2.29	0.29	0.15	-1	0	0	-4.75	441.25	
328	55852.40	10.908	2.55	0.6	21.4	-72.075	-0.649	0	0	2.44	0.68	0.55	-1	0	0	-3.58	582.00	
329	56175.00	16.53	1.4	3.3	51.51	-73.972	-0.873	0	0	1.33	2.98	1	-1	0	0	-9.96	290.20	
330	56551.65	12.562	0.85	2.3	28.09	-74.561	-1.39	0	0	0.75	2.39	0.2	-1	0	0	-13.39	52.45	
331	56695.70	28.422	2.1	4.3	117.36	-73.729	1.086	0	0	1.59	4.37	1.4	-1	0	0	-14.31	196.50	
332	56879.15	22.587	0.9	3.4	59.57	-72.207	-0.162	0	0	0.79	2.67	0.4	-1	0	0	-22.81	379.95	
333	56929.10	16.631	2.5	4	75.07	-72.653	2.273	0	0	2.34	5.25	2.1	-1	0	0	-5.69	429.90	
334	57868.25	31.852	1.6	5.15	152.32	-70.959	-0.416	0	0	1.15	5.45	1.45	-1	0	0	-22.13	140.25	
335	58257.25	25.388	1.25	13.65	285.58	-72.126	-3.014	0	0	1.08	2.82	0.9	-1	0	0	-18.78	529.25	
336	58264.45	29.193	1.4	3.65	100.07	-79.776	-3.014	0	0	1.28	3.47	1.15	-1	0	0	-18.21	536.45	
337	58385.25	16.469	1.4	3.25	49.23	-72.795	0.589	0	0	1.26	3.56	1.05	-1	0	0	-10.45	42.85	
338	58474.40	20.7	1.5	4.75	87.19	-71.973	1.076	0	0	1.29	3.9	1	-1	0	0	-12.81	132.00	
339	58642.55	29.234	2.7	4.85	125.67	-71.131	-2.557	0	0	2.46	3.91	1.1	-1	0	0	-9.5	300.15	
340	58808.55	12.349	1	2.85	32.5	-73.82	-0.244	0	0	0.93	1.11	0.95	-1	0	0	-10.62	466.15	
341	58881.00	15.038	1.45	2.8	45.81	-70.228	1.603	0	0	1.34	2.37	1.2	-1	0	0	-9.01	538.60	
342	59030.50	16.489	3.25	2.95	63.65	-72.795	-2.567	0	0	3.07	3.61	2.75	-1	0	0	-4.29	73.70	
343	59210.20	29.701	2.2	3.6	112.74	-72.075	2.861	0	0	1.96	3.87	1.55	-1	0	0	-12.11	253.40	
344	59583.15	11.334	2.85	1.1	26.34	-71.781	2.111	0	0	2.46	1.4	0.45	-1	0	0	-3.68	11.95	
345	59803.55	13.962	1.3	3	40.79	-72.511	-1.613	0	0	1.15	2.93	0.9	-1	0	0	-9.7	232.35	
346	59989.15	23.633	1.75	4.4	94.99	-71.983	0.325	0	0	1.55	4.46	1.25	-1	0	0	-12.21	417.95	
347	60079.00	20.791	1.65	4.55	81.04	-72.542	2.496	0	0	0.97	3.46	1.05	-1	0	0	-17.19	507.80	
348	60404.25	31.192	2.85	3.3	116.79	-69.985	3.257	0	0	2.38	3.53	2.1	-1	0	0	-10.5	218.65	
349	60500.55	15.099	3.05	1.6	50.77	-71.507	1.542	0	0	2.7	3.74	2.6	-1	0	0	-4.47	314.95	
350	60552.75	9.274	1.3	1.3	17.48	-80.822	-2.851	0	0	1.16	1.71	1	-1	0	0	-6.38	367.15	
351	60832.65	18.559	3.15	2.75	73.68	-71.618	-1.512	0	0	2.59	4.38	2.45	-1	0	0	-5.74	32.65	
352	60918.35	47.407	2.65	5.15	212.94	-73.262	-0.426	0	0	1.07	4.81	1.2	-1	0	0	-35.36	118.35	
353	61088.20	16.347	1.85	3.65	51.67	-70.705	-0.68	0	0	1.34	3.34	1.15	-1	0	0	-9.75	288.20	
354	61116.90	17.534	2.85	4.8	86.97	-70.593	-1.816	0	0	2.17	5.29	2	-1	0	0	-6.48	316.90	
355	61224.30	25.053	1.95	4.55	102.04	-70.837	-0.03	0	0	1.79	3.88	1.75	-1	0	0	-11.19	424.30	
356	61615.50	26.119	1.45	3.65	92.17	-72.521	0.386	0	0	1.15	4.3	1.15	-1	0	0	-18.13	201.10	
357	62031.90	29.487	3.6	4.9	141.07	-67.722	1.319	0	0	1.69	4.75	1.35	-1	0	0	-13.98	3.10	
358	62142.45	15.992	3.45	1.4	47.36	-71.689	-1.908	0	0	3.14	3.04	2.7	-1	0	0	-4.07	113.65	
359	62417.60	12.319	1.55	1.65	22.24	-71.253	-1.421	0	0	1.42	1.04	0.7	-1	0	0	-6.93	388.80	
360	62580.85	23.288	1.4	4.7	100	-71.212	-0.893	0	0	1.21	4.43	1.15	-1	0	0	-15.41	552.05	
361	62849.65	35.21	1.25	3.55	110.72	-73.272	0.518	0	0	0.76	3.81	0.7	-1	0	0	-37.16	206.45	
362	63047.35	14.358	1.95	3.8	53.32	-70.634	0.883	0	0	1.56	3.48	1.4	-1	0	0	-7.37	404.15	
363	63401.65	16.114	1.15	4.4	58.82	-70.685	-1.989	0	0	0.82	3.92	0.8	-1	0	0	-15.67	144.05	
364	63555.80	12.958	1.9	3.45	47.09	-69.264	1.025	0	0	1.78	3.07	1.45	-1	0	0	-5.82	298.20	
365	63637.60	23.846	1.9	2.6	65.95	-72.146	-1.755	0	0	1.77	3.15	1.25	-1	0	0	-10.76	380.00	
366	63678.65	25.388	2.15	5.2	115.02	-69.173	-0.923	0	0	1.98	4.32	1.55	-1	0	0	-10.28	421.05	
367	63895.15	12.826	1.8	2.4	35.65	-72.521	-0.832	0	0	1.67	2.13	0.2	-1	0	0	-6.16	23.15	
368	63944.05	11.72	1.2	1.25	17.83	-72.055	-0.213	0	0	1.12	1.34	0.45	-1	0	0	-8.4	72.05	
369	64422.75	16.722	2.4	3.4	64.15	-71.091	-1.948	0	0	2.26	2.58	1.95	-1	0	0	-5.91	550.75	
370	64336.15	7.022	1.8	0.7	11.91	-73.8	1.563	0	0	1.63	1.64	1.5	-1	0	0	-3.44	464.15	
371	64454.35	34.531	1.65	5.15	157.57	-72.592	0.487	0	0	1.38	5.06	1.25	-1	0	0	-20.03	582.35	
372	64597.45	22.121	2.5	4.4	92.63	-72.734	0.203	0	0	2.18	3.38	1.6	-1	0	0	-8.12	111.05	
373	64846.90	14.987	1.45	1.65	31.16	-72.44	-0.142	0	0	1.28	2.64	1.1	-1	0	0	-9.38	360.50	
374	64892.30	24.333	2.35	3.5	92.5	-69.771	0.913	0	0	1.97	4.4	1.5	-1	0	0	-9.88	405.90	
375	64958.40	23.744	2.05	4.65	107.29	-72.186	-0.254	0	0	1.92	4.1	1.8	-1	0	0	-9.9	472.00	
376	64989.65	32.308	1.55	4.05	123.83	-72.988	-0.375	0	0	0.98	4.22	1.1	-1	0	0	-26.28	503.25	
377	66018.75	11.882	2.55	2.65	36.99	-70.522	-0.639	0	0	2.42	2.16	1.7	-1	0	0	-3.93	303.55	
378	66536.65	25.977	1.4	3.6	86.57	-70.482	0.335	0	0	1.28	4	1	-1	0	0	-16.25	207.05	
379	66881.70	24.86	2.05	3.1	79.77	-71.03	0.051	0	0	1.89	3.84	1.25	-1	0	0	-10.5	552.10	
380	67033.60	24.556	3.15	9.3	174.81	-71.618	0.406	0	0	2.81	4.12	2.35	-1	0	0	-6.99	89.60	
381	67039.55	17.656	2.85	3.65	74.85	-73.059	0.406	0	0	1.63	3.99	0.4	-1	0	0	-8.65	95.55	
382	67092.40	14.581	2.6	2.35	43.35	-71.933	0.578	0	0	2.54	3.03	0.95	-1	0	0	-4.59	148.40	
383	67165.95	28.919	4.45	5.2	141.77	-69.234	0.173	0	0	1.99	5.05	1.55	-1	0	0	-11.6	221.95	
384	67225.10	22.263	2.25	2.6	66.76	-70.675	2.08	0	0	2.11	3.6	1.65	-1	0	0	-8.45	281.10	
385	67267.25	13.374	1.6	3.35	41.69	-69.305	1.258	0	0	1.29	4.05	1.2	-1	0	0	-8.3	323.25	
386	67294.95	9.954	1.7	3.05	28.95	-70.39	-0.994	0	0	1.6	0.55	0.15	-1	0	0	-4.99	350.95	
387	67606.40	9.63	1.75	1.05	15.45	-70.472	-0.69	0	0	1.1	0.76	0.4	-1	0	0	-7.02	48.00	
388	67634.70	30.604	1.9	4.4	131.28	-70.624	-1.532	0	0	1.68	4.97	1.7	-1	0	0	-14.58	76.30	
389	67813.15	17.768	1.8	4.9	82.24	-69	-0.903	0	0	1.64	4.12	1.35	-1	0	0	-8.67	254.75	
390	67875.55	14.216	2.8	1.8	41.99	-70.746	1.461	0	0	2.64	2.89	2.1	-1	0	0	-4.31	317.15	
391	67941.15	29.102	1.55	3.9	99.85	-70.096	2.385	0	0	1.31	3.55	1	-1	0	0	-17.83	382.75	
392	68599.85	16.347	1.8	2.9	53.55	-72.43	-1.705	0	0	1.58	3.68	1.35	-1	0	0	-8.27	427.05	
393	68682.15	11.669	2.7	1.4	31.73	-72.034	0.903	0	0	2.55	2.52	1.85	-1	0	0	-3.66	509.35	
394	68776.40	13.983	0.75	4.7	46.95	-70.36	-0.051	0	0	0.66	1.62	0.4	-1	0	0	-16.92	603.60	
395	68895.20	13.069	1.75	3.65	42.62	-71.05	0.355	0	0	1.49	2.17	1.3	-1	0	0	-7.03	108.00	
396	69127.10	10.868	2.15	0.95	19.02	-71.111	-1.167	0	0	2	1.51	0.65	-1	0	0	-4.34	339.90	
397	69637.80	11.903	2.45	2.35	34.98	-71.06	0.132	0	0	2.31	2.17	1.65	-1	0	0	-4.13	236.20	
398	69858.40	25.987	2.2	5.7	131.36	-69.731	0.03	0	0	2.02	6	1.55	-1	0	0	-10.31	456.80	
399	70010.25	18.031	2.4	2.7	54.27	-72.42	0.518	0	0	2.08	2.32	1.65	-1	0	0	-6.94	608.65	
400	70145.60	27.083	1.7	3.95	99.99	-69.01	-2.374	0	0	1.54	4.56	1.15	-1	0	0	-14.1	129.60	
401	70161.30	14.845	1.35	3.35	42.65	-71.638	0.203	0	0	1.22	2.65	0.5	-1	0	0	-9.77	145.30	
402	70237.35	9.904	2.6	1.8	25.62	-69.386	0	0	0	1.72	1.02	0.9	-1	0	0	-4.62	221.35	
403	70564.15	24.15	2.6	3.35	86.91	-70.157	1.634	0	0	1.75	4.11	1.35	-1	0	0	-11.04	548.15	
404	70793.45	9.964	4.05	0.65	26.6	-69.731	0.66	0	0	3.98	0.42	0.35	-1	0	0	-2	163.05	
405	70809.95	18.437	2.5	1.75	49.02	-68.432	2.476	0	0	2.38	3.22	1.6	-1	0	0	-6.2	179.55	
406	70819.40	19.016	1.15	3.25	54.37	-74.53	1.4	0	0	1.05	1.98	0.6	-1	0	0	-14.45	189.00	
407	70851.70	35.21	4.35	6.2	252.36	-71.781	-0.203	0	0	3.23	8.57	3.75	-1	0	0	-8.71	221.30	
408	70984.10	53.556	2.55	3.6	216.74	-69.406	0.558	0	0	1.62	4.72	1.9	-1	0	0	-26.5	353.70	
409	71181.25	11.344	1.6	3.85	38.99	-73.353	-0.315	0	0	1.45	2.18	0.7	-1	0	0	-6.25	550.85	
410	71404.50	20.172	2.1	2.65	68.81	-69.893	-0.639	0	0	1.91	4	1.75	-1	0	0	-8.45	159.70	
411	71444.20	31.426	2.65	3.9	139.34	-72.542	-1.228	0	0	2.43	4.86	2.05	-1	0	0	-10.33	199.40	
412	72123.55	54.399	2.45	8.1	394.84	-72.511	0.223	0	0	1.85	8.27	1.85	-1	0	0	-23.57	264.35	
413	71893.80	15.342	1.85	1.65	31.02	-72.673	0.507	0	0	1.7	1.78	1.15	-1	0	0	-7.2	34.60	
414	72127.85	17.605	1.45	0.95	30	-101.684	0.223	0	0	1.34	0.69	0.15	-1	0	0	-10.51	268.65	
415	72534.30	19.259	2.95	5.3	98.11	-70.857	3.085	0	0	2.28	5.16	1.6	-1	0	0	-6.76	60.70	
416	72555.00	9.366	0.65	1.6	12.11	-73.14	-1.613	0	0	0.34	0.42	0.3	-1	0	0	-22.09	81.40	
417	72669.70	27.752	1.25	4.2	101.95	-73.079	-1.999	0	0	1.12	3.48	0.95	-1	0	0	-19.88	196.10	
418	72981.50	14.825	1.65	2.45	38.64	-71.243	-0.639	0	0	1.2	3.16	1.25	-1	0	0	-9.86	507.90	
419	73011.85	20.487	2.05	4.35	79.65	-73.404	-1.086	0	0	1.6	3.05	1.35	-1	0	0	-10.25	538.25	
420	73035.40	13.049	1.05	2.35	28.18	-72.907	-0.589	0	0	0.7	2.41	0.2	-1	0	0	-14.89	561.80	
421	73271.40	13.628	2.65	2.15	38.83	-71.963	0.751	0	0	2.49	2.19	2.05	-1	0	0	-4.38	183.40	
422	73394.10	22.344	3.45	4	97.26	-71.233	1.045	0	0	2.57	4.5	2.2	-1	0	0	-6.95	306.10	
423	73420.55	13.069	0.9	1.65	18.46	-71.111	-1.999	0	0	0.85	0.96	0.15	-1	0	0	-12.3	332.55	
424	73863.55	22.171	1.4	4.85	91.96	-69.284	0.548	0	0	1.05	4.55	0.8	-1	0	0	-16.85	161.15	
425	73746.35	10.309	2.85	0.45	17.57	-71.821	-0.162	0	0	2.32	1.42	1.3	-1	0	0	-3.55	43.95	
426	74058.25	15.129	2.5	3.9	60.62	-71.902	2.192	0	0	2.32	3.48	1.7	-1	0	0	-5.22	355.85	
427	74480.50	10.786	0.95	3.25	30.5	-71.446	-0.741	0	0	0.83	2.7	0.65	-1	0	0	-10.43	163.70	
428	74663.80	10.573	2.05	1.3	19.79	-71.638	-2.466	0	0	1.93	1.43	1.05	-1	0	0	-4.39	347.00	
429	74757.70	29.173	1.85	3.05	96.32	-72.511	0.558	0	0	1.71	3.56	1.5	-1	0	0	-13.67	440.90	
430	75041.75	50.583	3.05	6.55	307.03	-70.746	-1.898	0	0	2.05	6.71	2.2	-1	0	0	-19.75	110.55	
431	75315.25	10.157	1.85	2.3	26.3	-71.862	-1.471	0	0	0.97	2.94	1	-1	0	0	-8.37	384.05	
432	75357.65	22.273	2.35	4.65	102.8	-71.162	0.173	0	0	2.19	5.14	2	-1	0	0	-8.14	426.45	
433	75615.10	17.138	1.15	4.15	56.67	-71.162	0.132	0	0	1.04	3.94	0.8	-1	0	0	-13.22	69.50	
434	75656.70	28.138	2.3	5.45	143.96	-72.684	1.745	0	0	1.92	5.06	1.8	-1	0	0	-11.75	111.10	
435	75707.50	13.435	1.05	3.35	36.79	-72.247	2.679	0	0	0.9	2.51	0.2	-1	0	0	-11.93	161.90	
436	75937.25	22.608	2.35	4.35	103.04	-68.736	-0.112	0	0	2.11	4.94	1.45	-1	0	0	-8.58	391.65	
437	75962.70	23.014	2.15	2.85	74.72	-70.766	3.328	0	0	1.81	3.74	1.45	-1	0	0	-10.17	417.10	
438	76137.45	28.554	1.8	4.35	118.74	-71.395	-0.173	0	0	1.65	5.06	1.1	-1	0	0	-13.84	591.85	
439	76487.90	14.602	3.9	2.9	53.74	-71.151	-0.649	0	0	2.88	2.4	2.3	-1	0	0	-4.06	327.90	
440	76677.85	16.956	2.25	3.6	60.56	-72.126	-1.086	0	0	1.96	2.92	1.5	-1	0	0	-6.92	517.85	
441	76989.95	15.901	1.05	4.5	59.6	-70.39	-1.197	0	0	0.85	3.5	0.7	-1	0	0	-14.97	215.55	
442	77376.70	24.038	2.5	3.75	96.99	-72.562	-2.618	0	0	2.33	4.19	1.95	-1	0	0	-8.26	602.30	
443	77545.55	16.55	1.65	3.4	54.63	-68.757	-1.076	0	0	1.55	3.45	1	-1	0	0	-8.54	156.75	
444	78276.10	21.928	1.75	3.2	68.3	-71.009	-2.04	0	0	1.43	3.25	1.4	-1	0	0	-12.23	272.90	
445	78417.55	22.202	2.15	3.7	78.9	-72.105	0.335	0	0	1.78	3.58	1.7	-1	0	0	-10	414.35	
446	78547.95	11.882	1.2	4.45	42.66	-71.212	-2.121	0	0	1.04	2.57	0.9	-1	0	0	-9.17	544.75	
447	78888.45	13.354	2.2	2.95	47.29	-71.476	-0.944	0	0	2.07	3.12	1.7	-1	0	0	-5.16	270.85	
448	79093.70	17.128	2.1	3.85	62.95	-71.669	1.989	0	0	1.78	3.87	1.35	-1	0	0	-7.7	476.10	
449	79108.40	15.261	2.35	1.4	35.01	-72.105	1.989	0	0	2.24	2.56	1.95	-1	0	0	-5.45	490.80	
450	79151.80	28.199	2.2	4.3	116.5	-71.385	-3.836	0	0	1.79	4.78	1.4	-1	0	0	-12.61	534.20	
451	78743.75	9.173	1.65	1.7	19.68	-70.096	-0.406	0	0	1.5	0.98	0.8	-1	0	0	-4.91	126.15	
452	79425.10	25.175	2.05	5.1	120	-71.598	0.751	0	0	1.32	5.21	1.45	-1	0	0	-15.3	193.10	
453	79800.10	17.656	1.7	3.55	55.27	-71.933	-2.222	0	0	1.5	3.19	1	-1	0	0	-9.42	568.10	
454	79857.20	24.901	2.3	4.15	98.13	-70.695	0.589	0	0	1.95	4.39	1.55	-1	0	0	-10.23	10.80	
455	80124.70	31.74	1.55	5	135.22	-69.913	-0.122	0	0	1.38	4.57	1.1	-1	0	0	-18.41	278.30	
456	80196.50	16.022	1.85	1.4	30.01	-69.477	0.944	0	0	1.73	1.83	1.15	-1	0	0	-7.43	350.10	
457	80512.40	12.593	1.05	5.2	49.16	-67.498	-1.502	0	0	0.95	2.75	0.15	-1	0	0	-10.66	51.60	
458	80529.55	21.481	2.65	2.4	66.04	-70.208	-0.426	0	0	2.18	3.09	1.95	-1	0	0	-7.9	68.75	
459	80545.75	22.313	2.65	3.6	86.01	-67.133	-0.426	0	0	2.03	3.85	1.4	-1	0	0	-8.78	84.95	
460	80593.10	20.041	1.15	3.65	64.24	-71.05	-2.456	0	0	1.01	3.78	0.75	-1	0	0	-15.84	132.30	
461	80941.10	14.064	3.6	2.05	49.09	-71.902	0.66	0	0	3.22	3.11	2.8	-1	0	0	-3.5	480.30	
462	80953.00	20.7	2.4	2.5	70.39	-68.665	0.66	0	0	2.3	3.58	1.9	-1	0	0	-7.2	492.20	
463	81140.10	30.766	1.5	5	133.45	-71.486	-0.315	0	0	1.38	4.66	1.15	-1	0	0	-17.8	64.90	
464	81234.05	10.857	3.2	1.15	31.48	-72.197	2.111	0	0	3.12	2.97	2.85	-1	0	0	-2.78	158.85	
465	81453.20	15.951	1.45	3.95	57.78	-70.877	-2.679	0	0	1.31	2.94	0.95	-1	0	0	-9.72	378.00	
466	81481.80	15.779	2.4	2.55	51.63	-73.363	1.197	0	0	2.18	3.55	1.65	-1	0	0	-5.8	406.60	
467	81699.90	55.413	2.3	4.45	254.86	-73.171	-0.771	0	0	1.1	5.29	2	-1	0	0	-40.46	10.30	
468	82086.05	42.019	2.4	5.1	196.92	-70.269	-0.518	0	0	1.16	5.07	1.3	-1	0	0	-28.88	396.45	
469	82642.40	13.973	1.3	3.05	43.26	-73.13	1.289	0	0	1	3.32	1	-1	0	0	-11.17	338.40	
470	83135.25	36.885	3.45	6.05	223.38	-71.04	-1.593	0	0	2.51	6.52	2.7	-1	0	0	-11.75	216.85	
471	83361.00	35.383	1.7	4.6	142.91	-69.964	-1.329	0	0	1.28	4.62	1.15	-1	0	0	-22.14	442.60	
472	83402.80	24.201	2.05	4.85	119.05	-71.486	1.086	0	0	1.87	5.63	1.9	-1	0	0	-10.35	484.40	
473	83541.35	24.302	2.55	3.95	103.72	-73.313	-2.161	0	0	1.96	4.68	1.75	-1	0	0	-9.93	8.55	
474	83594.50	14.125	2.05	3.45	42.09	-70.167	1.136	0	0	1.21	1.63	0.25	-1	0	0	-9.32	61.70	
475	83693.65	28.412	1.5	2.4	75.94	-81.684	0.264	0	0	1.27	2.94	1.15	-1	0	0	-17.95	160.85	
476	83732.90	15.089	1.1	4	51.96	-72.785	1.116	0	0	0.99	4.13	0.95	-1	0	0	-12.19	200.10	
477	83723.00	11.05	2.7	0.85	25.01	-70.076	0.68	0	0	2.59	2.49	2.4	-1	0	0	-3.41	190.20	
478	83836.10	23.521	3.4	2.85	96.93	-70.888	1.898	0	0	3.27	3.9	2.8	-1	0	0	-5.76	303.30	
479	83905.80	21.563	1.5	5.05	91.5	-70.603	-2.445	0	0	1.35	4.71	0.85	-1	0	0	-12.76	373.00	
480	83924.95	18.163	3	1.85	61.44	-72.755	0.335	0	0	2.68	4.2	2.45	-1	0	0	-5.42	392.15	
481	84199.55	13.739	2.7	0.9	28.37	-71.253	0.406	0	0	1.86	2.5	1.7	-1	0	0	-5.91	52.35	
482	84240.15	16.317	2.05	5.4	79.45	-70.593	-0.254	0	0	1.94	1.69	1.55	-1	0	0	-6.72	92.95	
483	84713.05	18.661	1.95	4.9	85.95	-71.669	-0.619	0	0	1.79	4.02	1.6	-1	0	0	-8.36	565.85	
484	84758.60	20.639	2.8	3.75	84.01	-73.161	1.613	0	0	2.62	3.49	0.85	-1	0	0	-6.3	611.40	
485	84806.00	24.931	1.65	3.4	85.78	-72.947	-1.299	0	0	1.49	3.75	1.2	-1	0	0	-13.41	44.40	
486	85190.20	14.074	1.7	4.3	61.43	-73.516	-0.223	0	0	1.56	4.91	1.35	-1	0	0	-7.2	428.60	
487	85255.45	26.19	2.1	2.75	83.19	-73.333	1.563	0	0	1.56	3.56	1.55	-1	0	0	-13.45	493.85	
488	85329.75	21.573	2.85	3.3	88.21	-73.506	-1.573	0	0	2.72	4.58	2.3	-1	0	0	-6.35	568.15	
489	85360.10	15.708	1.4	2.9	40.53	-74.104	2.09	0	0	1.07	1.85	0.75	-1	0	0	-11.74	598.50	
490	85370.30	51.628	2.2	7.15	327.57	-73.546	-1.421	0	0	1.52	5.11	1.6	-1	0	0	-27.14	7.10	
491	85517.40	18.691	2.6	2.55	61.49	-74.054	1.238	0	0	2.33	3.89	2.1	-1	0	0	-6.43	154.20	
492	85671.00	16.428	2.1	3.45	56.33	-74.145	-1.816	0	0	1.58	4.03	1.4	-1	0	0	-8.3	307.80	
493	86138.95	14.49	2.05	2.8	44.98	-72.004	1.664	0	0	1.93	3.14	1.45	-1	0	0	-6.01	161.35	
494	86017.50	10.238	0.9	1.85	16.55	-72.044	-0.375	0	0	0.79	1.2	0.4	-1	0	0	-10.36	39.90	
495	86207.30	32.542	1.3	4.9	134.06	-72.592	-1.502	0	0	1.15	4.49	0.85	-1	0	0	-22.7	229.70	
496	86570.20	27.286	2.05	5.7	135.93	-74.033	0.822	0	0	1.85	4.6	1.4	-1	0	0	-11.78	592.60	
497	87102.65	37.149	2.75	4.9	195.79	-72.197	0.984	0	0	0.96	5.86	2.25	-1	0	0	-30.89	510.65	
498	87191.75	32.39	1.1	5.55	138.89	-73.221	1.177	0	0	0.82	4.7	0.65	-1	0	0	-31.57	599.75	
499	87557.55	24.627	2	3.9	94.12	-72.927	1.309	0	0	1.7	3.84	1.65	-1	0	0	-11.61	351.15	
500	87827.60	16.712	1.45	2.85	46.03	-71.334	1.705	0	0	1.35	1.97	1.35	-1	0	0	-9.88	6.80	
