500	Time (ms)	Amplitude	Rise (ms)	Decay (ms)	Area	Baseline	Noise	Group	Channel	10-90Rise	HalfWidth	Rise50	Peak Dir	Burst#	BurstE#	10-90Slope	Rel Time	
1	632.50	23.831	4	7.25	180.2	-10.275	-0.533	0	0	3.78	9.02	2.85	-1	0	0	-5.05	18.10	
2	1128.75	8.665	2.45	2.9	28.3	-12.6	-0.371	0	0	2.19	1.81	0.45	-1	0	0	-3.17	514.35	
3	1245.25	17.267	3.65	2.75	73.23	-11.158	-1.495	0	0	3.27	3.67	3	-1	0	0	-4.22	16.45	
4	1724.40	10.41	3.35	2.25	32.21	-11.471	0.235	0	0	3.18	1.32	1.2	-1	0	0	-2.62	495.60	
5	2215.45	43.481	4.65	7.35	352.1	-8.822	-0.287	0	0	3.93	9.08	3.65	-1	0	0	-8.85	372.25	
6	3102.35	12.694	4.8	2.75	57.95	-17.178	-0.507	0	0	4.47	4.58	3.2	-1	0	0	-2.27	30.35	
7	3308.80	13.896	2.35	2.6	44.79	-13.823	-1.045	0	0	2.24	2.47	1.05	-1	0	0	-4.96	236.80	
8	3811.65	15.271	4.15	5.65	92.35	-11.842	1.631	0	0	4	2.52	0.4	-1	0	0	-3.06	125.25	
9	4148.65	30.113	0.85	6.4	148.27	-10.787	1.427	0	0	0.64	5.28	0.55	-1	0	0	-37.84	462.25	
10	4228.60	9.768	1.9	1.7	17.86	-15.919	-3.883	0	0	1.63	1.33	0.45	-1	0	0	-4.79	542.20	
11	5264.90	28.603	2.2	4.6	131.99	-15.725	1.824	0	0	1.98	4.67	1.7	-1	0	0	-11.53	349.70	
12	5477.70	28.472	3.2	5.7	162.3	-10.113	0.517	0	0	2.27	6.72	1.65	-1	0	0	-10.03	562.50	
13	5670.90	18.224	1.95	6.75	106.67	-12.731	0.387	0	0	1.81	7.05	1.05	-1	0	0	-8.04	141.30	
14	5887.85	18.197	3.55	5.1	105.54	-11.477	0.063	0	0	3.35	5.19	2.85	-1	0	0	-4.34	358.25	
15	5935.10	40.476	4.45	8.45	365.4	-14.194	0.873	0	0	3.77	9.42	3.45	-1	0	0	-8.59	405.50	
16	6965.85	8.989	3.4	3.75	35.26	-10.834	1.333	0	0	2.23	0.65	0.3	-1	0	0	-3.22	207.45	
17	7447.45	10.201	1.6	0.4	11.07	-11.215	1.108	0	0	1.42	0.47	0.35	-1	0	0	-5.75	74.65	
18	8002.80	18.02	3.35	8.65	131.13	-9.12	-2.681	0	0	2.23	7.35	1.5	-1	0	0	-6.47	15.60	
19	8122.35	23.162	3.85	6.2	149.11	-11.043	-0.789	0	0	3.22	6.58	2.65	-1	0	0	-5.76	135.15	
20	8200.20	15.574	4.65	2.7	77.44	-11.038	0.455	0	0	4.5	5.84	3.2	-1	0	0	-2.77	213.00	
21	8628.35	16.3	4.9	4.1	92.9	-11.545	-1.557	0	0	4.52	4.4	3.8	-1	0	0	-2.88	26.75	
22	10369.65	17.988	2.95	4.55	87.92	-8.952	2.122	0	0	2.64	4.89	1.95	-1	0	0	-5.45	539.25	
23	10486.10	14.278	2.5	2.8	47.77	-11.675	0.726	0	0	2.15	3.5	1.95	-1	0	0	-5.31	41.30	
24	11181.45	48.499	2.95	7.3	334.47	-12.172	0.193	0	0	2.37	7.44	1.85	-1	0	0	-16.36	122.25	
25	11599.25	17.121	3.95	5.15	100.46	-14.273	0.026	0	0	2.55	5.19	2.45	-1	0	0	-5.38	540.05	
26	12857.40	11.936	4.5	0.8	33.72	-26.653	-0.408	0	0	4.4	0.69	0.4	-1	0	0	-2.17	569.40	
27	12993.95	14.879	2.25	8.8	105.34	-9.208	0.8	0	0	1.57	7.7	1.15	-1	0	0	-7.6	91.55	
28	13206.75	13.933	3.65	7	94.74	-10.646	-0.706	0	0	3.51	3.9	0.35	-1	0	0	-3.17	304.35	
29	13428.00	11.806	2.85	5	54.4	-12.083	1.463	0	0	1.6	4.59	1.35	-1	0	0	-5.92	525.60	
30	14068.50	19.441	4	9.85	193.95	-10.881	1.453	0	0	2.89	11	2.7	-1	0	0	-5.39	551.70	
31	14072.80	14.597	1.8	0.95	24.21	-20.486	1.453	0	0	1.72	0.85	0.2	-1	0	0	-6.79	556.00	
32	14534.05	19.217	3.8	5.25	109.78	-9.015	-1.312	0	0	3	5.19	2.15	-1	0	0	-5.12	402.85	
33	14723.15	41.877	2.35	9.15	332.61	-8.884	0.956	0	0	2.09	7.81	1.75	-1	0	0	-16.04	591.95	
34	15165.70	13.63	1.7	0.3	16.38	-11.278	2.467	0	0	1.38	0.96	0.75	-1	0	0	-7.9	420.10	
35	15198.45	39.483	3.4	7.65	301.92	-9.778	0.476	0	0	3.21	7.96	2.85	-1	0	0	-9.85	452.85	
36	16113.15	10.019	2.65	2.45	31.72	-9.522	0.549	0	0	2.32	2.43	1.55	-1	0	0	-3.46	138.75	
37	16252.80	12.099	2.85	2	31.14	-9.334	-0.575	0	0	2.25	2.58	1.45	-1	0	0	-4.3	278.40	
38	17004.90	16.577	2.05	5.45	81.78	-12.773	-1.348	0	0	1.95	3.75	1.4	-1	0	0	-6.8	416.10	
39	17242.45	25.43	3.2	8.6	201.41	-12.532	1.056	0	0	2.68	8.69	2.55	-1	0	0	-7.59	39.25	
40	17324.60	15.448	1.25	4.75	61.76	-11.111	-0.737	0	0	1.11	3.26	0.85	-1	0	0	-11.09	121.40	
41	17507.95	10.891	1.4	2.85	28.1	-19.06	2.043	0	0	1.07	2.53	0.7	-1	0	0	-8.17	304.75	
42	18459.85	13.013	2	4	56.08	-8.822	-0.272	0	0	1.81	3.81	1.8	-1	0	0	-5.77	27.85	
43	19493.95	13.243	2.7	2.85	42.68	-8.905	-0.507	0	0	1.56	3.36	1.3	-1	0	0	-6.81	447.55	
44	20232.50	23.842	4	7.25	180.2	-10.275	-0.559	0	0	3.78	9.02	2.85	-1	0	0	-5.05	571.70	
45	20845.25	17.293	3.65	2.75	73.23	-11.158	-1.542	0	0	3.27	3.67	3	-1	0	0	-4.23	570.05	
46	20728.75	8.665	2.45	2.9	28.3	-12.6	-0.371	0	0	2.19	1.81	0.45	-1	0	0	-3.17	453.55	
47	21324.40	10.41	3.35	2.25	32.21	-11.471	0.235	0	0	3.18	1.32	1.2	-1	0	0	-2.62	434.80	
48	21815.45	43.481	4.65	7.35	352.1	-8.822	-0.287	0	0	3.93	9.08	3.65	-1	0	0	-8.85	311.45	
49	22908.80	13.896	2.35	2.6	44.79	-13.823	-1.045	0	0	2.24	2.47	1.05	-1	0	0	-4.96	176.00	
50	22699.90	18.453	4.05	8.8	163.32	-9.297	2.263	0	0	3.33	8.79	2.1	-1	0	0	-4.44	581.50	
51	23411.65	15.271	4.15	5.65	92.35	-11.842	1.631	0	0	4	2.52	0.4	-1	0	0	-3.06	64.45	
52	23748.65	30.113	0.85	6.4	148.27	-10.787	1.427	0	0	0.64	5.28	0.55	-1	0	0	-37.84	401.45	
53	23828.60	9.768	1.9	1.7	17.86	-15.919	-3.883	0	0	1.63	1.33	0.45	-1	0	0	-4.79	481.40	
54	24864.90	28.603	2.2	4.6	131.99	-15.725	1.824	0	0	1.98	4.67	1.7	-1	0	0	-11.53	288.90	
55	25077.70	28.472	3.2	5.7	162.3	-10.113	0.517	0	0	2.27	6.72	1.65	-1	0	0	-10.03	501.70	
56	25270.90	18.224	1.95	6.75	106.67	-12.731	0.387	0	0	1.81	7.05	1.05	-1	0	0	-8.04	80.50	
57	25487.85	18.197	3.55	5.1	105.54	-11.477	0.063	0	0	3.35	5.19	2.85	-1	0	0	-4.34	297.45	
58	25535.10	40.476	4.45	8.45	365.4	-14.194	0.873	0	0	3.77	9.42	3.45	-1	0	0	-8.59	344.70	
59	27047.45	10.196	1.6	0.4	11.07	-11.215	1.134	0	0	1.42	0.47	0.35	-1	0	0	-5.74	13.85	
60	27602.80	18.009	3.35	8.65	131.13	-9.12	-2.655	0	0	2.23	7.35	1.5	-1	0	0	-6.47	569.20	
61	27722.35	23.162	3.85	6.2	149.11	-11.043	-0.789	0	0	3.22	6.58	2.65	-1	0	0	-5.76	74.35	
62	27800.20	15.574	4.65	2.7	77.44	-11.038	0.455	0	0	4.5	5.84	3.2	-1	0	0	-2.77	152.20	
63	28228.35	16.3	4.9	4.1	92.9	-11.545	-1.563	0	0	4.52	4.4	3.8	-1	0	0	-2.88	580.35	
64	29400.70	10.243	1.9	1.7	22.46	-9.998	-1.155	0	0	1.3	0.79	0.6	-1	0	0	-6.31	523.90	
65	29969.65	17.988	2.95	4.55	87.92	-8.952	2.122	0	0	2.64	4.89	1.95	-1	0	0	-5.45	478.45	
66	30086.10	14.278	2.5	2.8	47.77	-11.675	0.726	0	0	2.15	3.5	1.95	-1	0	0	-5.31	594.90	
67	30781.45	48.499	2.95	7.3	334.47	-12.172	0.193	0	0	2.37	7.44	1.85	-1	0	0	-16.36	61.45	
68	31199.25	17.121	3.95	5.15	100.46	-14.273	0.026	0	0	2.55	5.19	2.45	-1	0	0	-5.38	479.25	
69	32455.20	27.474	4.15	8.3	222.67	-10.782	0.549	0	0	3.99	8.61	2.85	-1	0	0	-5.51	506.40	
70	32593.95	14.879	2.25	8.8	105.34	-9.208	0.8	0	0	1.57	7.7	1.15	-1	0	0	-7.6	30.75	
71	32806.75	13.933	3.65	7	94.74	-10.646	-0.706	0	0	3.51	3.9	0.35	-1	0	0	-3.17	243.55	
72	33028.00	11.806	2.85	5	54.4	-12.083	1.463	0	0	1.6	4.59	1.35	-1	0	0	-5.92	464.80	
73	33667.30	21.417	2.85	12.2	235.73	-8.728	1.861	0	0	2.7	11.87	1.5	-1	0	0	-6.36	489.70	
74	34134.05	19.217	3.8	5.25	109.78	-9.015	-1.312	0	0	3	5.19	2.15	-1	0	0	-5.12	342.05	
75	34323.15	41.877	2.35	9.15	332.61	-8.884	0.956	0	0	2.09	7.81	1.75	-1	0	0	-16.04	531.15	
76	34765.70	13.63	1.7	0.3	16.38	-11.278	2.467	0	0	1.38	0.96	0.75	-1	0	0	-7.9	359.30	
77	34797.60	40.638	2.6	8.55	320.06	-8.21	0.382	0	0	2.22	8.52	2	-1	0	0	-14.67	391.20	
78	35713.15	10.019	2.65	2.45	31.72	-9.522	0.549	0	0	2.32	2.43	1.55	-1	0	0	-3.46	77.95	
79	35852.80	12.099	2.85	2	31.14	-9.334	-0.575	0	0	2.25	2.58	1.45	-1	0	0	-4.3	217.60	
80	36606.30	17.33	3.45	4.05	83.86	-12.501	1.422	0	0	3.32	3.74	2.8	-1	0	0	-4.18	356.70	
81	36842.45	25.43	3.2	8.6	201.41	-12.532	1.056	0	0	2.68	8.69	2.55	-1	0	0	-7.59	592.85	
82	36924.60	15.448	1.25	4.75	61.76	-11.111	-0.737	0	0	1.11	3.26	0.85	-1	0	0	-11.09	60.60	
83	37107.95	10.891	1.4	2.85	28.1	-19.06	2.043	0	0	1.07	2.53	0.7	-1	0	0	-8.17	243.95	
84	38059.85	13.018	2	4	56.11	-8.816	-0.277	0	0	1.81	3.81	1.8	-1	0	0	-5.77	581.45	
85	39093.95	13.243	2.7	2.85	42.68	-8.905	-0.507	0	0	1.56	3.36	1.3	-1	0	0	-6.81	386.75	
86	39832.50	23.842	4	7.25	180.2	-10.275	-0.559	0	0	3.78	9.02	2.85	-1	0	0	-5.05	510.90	
87	40328.75	8.665	2.45	2.9	28.3	-12.6	-0.371	0	0	2.19	1.81	0.45	-1	0	0	-3.17	392.75	
88	40445.25	17.293	3.65	2.75	73.23	-11.158	-1.542	0	0	3.27	3.67	3	-1	0	0	-4.23	509.25	
89	40887.75	9.496	1.8	1.65	20.07	-10.17	-3.151	0	0	1.24	1.6	1.2	-1	0	0	-6.15	337.35	
90	40924.40	10.41	3.35	2.25	32.21	-11.471	0.235	0	0	3.18	1.32	1.2	-1	0	0	-2.62	374.00	
91	41415.45	43.481	4.65	7.35	352.1	-8.822	-0.287	0	0	3.93	9.08	3.65	-1	0	0	-8.85	250.65	
92	42300.20	18.02	3.7	6.95	131.34	-10.802	2.268	0	0	3.59	7.51	2.05	-1	0	0	-4.02	521.00	
93	42508.80	13.896	2.35	2.6	44.79	-13.823	-1.045	0	0	2.24	2.47	1.05	-1	0	0	-4.96	115.20	
94	43348.65	30.113	0.85	6.4	148.27	-10.787	1.427	0	0	0.64	5.28	0.55	-1	0	0	-37.84	340.65	
95	43428.60	9.768	1.9	1.7	17.86	-15.919	-3.883	0	0	1.63	1.33	0.45	-1	0	0	-4.79	420.60	
96	44464.90	28.603	2.2	4.6	131.99	-15.725	1.824	0	0	1.98	4.67	1.7	-1	0	0	-11.53	228.10	
97	44677.70	28.472	3.2	5.7	162.3	-10.113	0.517	0	0	2.27	6.72	1.65	-1	0	0	-10.03	440.90	
98	44870.90	18.224	1.95	6.75	106.68	-12.731	0.387	0	0	1.81	7.04	1.05	-1	0	0	-8.04	19.70	
99	45087.85	18.197	3.55	5.1	105.54	-11.477	0.063	0	0	3.35	5.19	2.85	-1	0	0	-4.34	236.65	
100	45134.15	37.884	3.5	9.4	350.05	-15.381	-2.681	0	0	3.07	9.43	2.5	-1	0	0	-9.86	282.95	
101	46647.45	10.201	1.6	0.4	11.07	-11.215	1.108	0	0	1.42	0.47	0.35	-1	0	0	-5.75	567.45	
102	47202.80	18.009	3.35	8.65	131.13	-9.12	-2.655	0	0	2.23	7.35	1.5	-1	0	0	-6.47	508.40	
103	47322.35	23.162	3.85	6.2	149.11	-11.043	-0.773	0	0	3.22	6.58	2.65	-1	0	0	-5.76	13.55	
104	47400.20	15.574	4.65	2.7	77.44	-11.038	0.455	0	0	4.5	5.84	3.2	-1	0	0	-2.77	91.40	
105	47828.35	16.3	4.9	4.1	92.9	-11.545	-1.563	0	0	4.52	4.4	3.8	-1	0	0	-2.88	519.55	
106	49000.70	10.243	1.9	1.7	22.46	-9.998	-1.155	0	0	1.3	0.79	0.6	-1	0	0	-6.31	463.10	
107	49569.65	17.988	2.95	4.55	87.92	-8.952	2.122	0	0	2.64	4.89	1.95	-1	0	0	-5.45	417.65	
108	49686.10	14.278	2.5	2.8	47.77	-11.675	0.726	0	0	2.15	3.5	1.95	-1	0	0	-5.31	534.10	
109	50381.40	49.387	2.75	7.4	335.88	-11.257	-0.141	0	0	2.24	7.33	1.65	-1	0	0	-17.63	0.60	
110	50799.25	17.121	3.95	5.15	100.46	-14.273	0.026	0	0	2.55	5.19	2.45	-1	0	0	-5.38	418.45	
111	52055.20	27.474	4.15	8.3	222.67	-10.782	0.549	0	0	3.99	8.61	2.85	-1	0	0	-5.51	445.60	
112	52193.95	14.879	2.25	8.8	105.34	-9.208	0.8	0	0	1.57	7.7	1.15	-1	0	0	-7.6	584.35	
113	52406.75	13.933	3.65	7	94.74	-10.646	-0.706	0	0	3.51	3.9	0.35	-1	0	0	-3.17	182.75	
114	52628.00	11.806	2.85	5	54.4	-12.083	1.463	0	0	1.6	4.59	1.35	-1	0	0	-5.92	404.00	
115	53268.50	19.441	4	9.85	193.95	-10.881	1.453	0	0	2.89	11	2.7	-1	0	0	-5.39	430.10	
116	53734.05	19.217	3.8	5.25	109.78	-9.015	-1.312	0	0	3	5.19	2.15	-1	0	0	-5.12	281.25	
117	53923.15	41.877	2.35	9.15	332.61	-8.884	0.956	0	0	2.09	7.81	1.75	-1	0	0	-16.04	470.35	
118	54365.70	13.63	1.7	0.3	16.38	-11.278	2.467	0	0	1.38	0.96	0.75	-1	0	0	-7.9	298.50	
119	54398.45	39.483	3.4	7.65	301.92	-9.778	0.476	0	0	3.21	7.96	2.85	-1	0	0	-9.85	331.25	
120	55452.80	12.099	2.85	2	31.14	-9.334	-0.575	0	0	2.25	2.58	1.45	-1	0	0	-4.3	156.80	
121	55313.15	10.019	2.65	2.45	31.72	-9.522	0.559	0	0	2.32	2.43	1.55	-1	0	0	-3.46	17.15	
122	56204.00	15.391	1.45	7.55	97.34	-11.947	-1.202	0	0	1.06	6.57	0.55	-1	0	0	-11.59	293.60	
123	56442.45	25.43	3.2	8.6	201.41	-12.532	1.056	0	0	2.68	8.69	2.55	-1	0	0	-7.59	532.05	
124	56524.60	15.448	1.25	4.75	61.76	-11.111	-0.737	0	0	1.11	3.26	0.85	-1	0	0	-11.09	89.40	
125	56699.95	9.135	2.1	2.35	24.16	-16.306	0.021	0	0	1.99	1.39	0.95	-1	0	0	-3.67	264.75	
126	56707.95	13.625	2.15	2.9	42.38	-16.326	0.021	0	0	1.12	2.64	0.75	-1	0	0	-9.73	272.75	
127	57659.85	13.018	2	4	56.11	-8.816	-0.277	0	0	1.81	3.81	1.8	-1	0	0	-5.77	610.25	
128	58693.95	13.243	2.7	2.85	42.68	-8.905	-0.507	0	0	1.56	3.36	1.3	-1	0	0	-6.81	415.55	
129	59432.50	23.842	4	7.25	180.2	-10.275	-0.559	0	0	3.78	9.02	2.85	-1	0	0	-5.05	539.70	
130	59928.75	8.665	2.45	2.9	28.3	-12.6	-0.371	0	0	2.19	1.81	0.45	-1	0	0	-3.17	421.55	
131	60045.25	17.293	3.65	2.75	73.23	-11.158	-1.542	0	0	3.27	3.67	3	-1	0	0	-4.23	538.05	
132	60524.40	10.41	3.35	2.25	32.21	-11.471	0.235	0	0	3.18	1.32	1.2	-1	0	0	-2.62	402.80	
133	61015.45	43.481	4.65	7.35	352.1	-8.822	-0.287	0	0	3.93	9.08	3.65	-1	0	0	-8.85	279.45	
134	61900.20	18.02	3.7	6.95	131.34	-10.802	2.268	0	0	3.59	7.51	2.05	-1	0	0	-4.02	549.80	
135	62108.80	13.896	2.35	2.6	44.79	-13.823	-1.045	0	0	2.24	2.47	1.05	-1	0	0	-4.96	144.00	
136	62611.65	15.271	4.15	5.65	92.35	-11.842	1.625	0	0	4	2.52	0.4	-1	0	0	-3.06	32.45	
137	62948.65	30.113	0.85	6.4	148.27	-10.787	1.427	0	0	0.64	5.28	0.55	-1	0	0	-37.84	369.45	
138	63028.60	9.768	1.9	1.7	17.86	-15.919	-3.883	0	0	1.63	1.33	0.45	-1	0	0	-4.79	449.40	
139	64064.90	28.603	2.2	4.6	131.99	-15.725	1.824	0	0	1.98	4.67	1.7	-1	0	0	-11.53	256.90	
140	64277.70	28.472	3.2	5.7	162.3	-10.113	0.517	0	0	2.27	6.72	1.65	-1	0	0	-10.03	469.70	
141	64470.90	18.224	1.95	6.75	106.67	-12.731	0.387	0	0	1.81	7.05	1.05	-1	0	0	-8.04	48.50	
142	64687.85	18.197	3.55	5.1	105.54	-11.477	0.063	0	0	3.35	5.19	2.85	-1	0	0	-4.34	265.45	
143	64735.10	40.476	4.45	8.45	365.4	-14.194	0.873	0	0	3.77	9.42	3.45	-1	0	0	-8.59	312.70	
144	66247.45	10.201	1.6	0.4	11.07	-11.215	1.108	0	0	1.42	0.47	0.35	-1	0	0	-5.75	596.25	
145	66802.80	18.009	3.35	8.65	131.13	-9.12	-2.655	0	0	2.23	7.35	1.5	-1	0	0	-6.47	537.20	
146	66922.35	23.162	3.85	6.2	149.11	-11.043	-0.789	0	0	3.22	6.58	2.65	-1	0	0	-5.76	42.35	
147	67000.20	15.574	4.65	2.7	77.44	-11.038	0.455	0	0	4.5	5.84	3.2	-1	0	0	-2.77	120.20	
148	67428.35	16.3	4.9	4.1	92.9	-11.545	-1.563	0	0	4.52	4.4	3.8	-1	0	0	-2.88	548.35	
149	68600.70	10.243	1.9	1.7	22.46	-9.998	-1.155	0	0	1.3	0.79	0.6	-1	0	0	-6.31	491.90	
150	69169.65	17.988	2.95	4.55	87.92	-8.952	2.122	0	0	2.64	4.89	1.95	-1	0	0	-5.45	446.45	
151	69286.10	14.278	2.5	2.8	47.77	-11.675	0.726	0	0	2.15	3.5	1.95	-1	0	0	-5.31	562.90	
152	69981.45	48.499	2.95	7.3	334.47	-12.172	0.193	0	0	2.37	7.44	1.85	-1	0	0	-16.36	29.45	
153	70396.95	16.332	1.7	7.55	110.57	-13.222	1.035	0	0	1.41	6.95	0.15	-1	0	0	-9.3	444.95	
154	71654.40	23.962	3.35	9.1	214.26	-11.45	-0.24	0	0	3.21	9.87	2.4	-1	0	0	-5.97	12.80	
155	71793.95	14.879	2.25	8.8	105.34	-9.208	0.8	0	0	1.57	7.7	1.15	-1	0	0	-7.6	152.35	
156	72006.75	13.933	3.65	7	94.74	-10.646	-0.706	0	0	3.51	3.9	0.35	-1	0	0	-3.17	365.15	
157	72228.00	11.806	2.85	5	54.4	-12.083	1.463	0	0	1.6	4.59	1.35	-1	0	0	-5.92	586.40	
158	72868.50	19.441	4	9.85	193.95	-10.881	1.453	0	0	2.89	11	2.7	-1	0	0	-5.39	36.50	
159	73334.05	19.217	3.8	5.25	109.78	-9.015	-1.312	0	0	3	5.19	2.15	-1	0	0	-5.12	502.05	
160	73523.15	41.877	2.35	9.15	332.61	-8.884	0.956	0	0	2.09	7.81	1.75	-1	0	0	-16.04	76.75	
161	73965.70	13.63	1.7	0.3	16.38	-11.278	2.467	0	0	1.38	0.96	0.75	-1	0	0	-7.9	519.30	
162	73998.45	39.483	3.4	7.65	301.92	-9.778	0.476	0	0	3.21	7.96	2.85	-1	0	0	-9.85	552.05	
163	74913.15	10.019	2.65	2.45	31.72	-9.522	0.549	0	0	2.32	2.43	1.55	-1	0	0	-3.46	237.95	
164	75052.80	12.099	2.85	2	31.14	-9.334	-0.575	0	0	2.25	2.58	1.45	-1	0	0	-4.3	377.60	
165	75806.30	17.33	3.45	4.05	83.86	-12.501	1.422	0	0	3.32	3.74	2.8	-1	0	0	-4.18	516.70	
166	76042.45	25.43	3.2	8.6	201.41	-12.532	1.056	0	0	2.68	8.69	2.55	-1	0	0	-7.59	138.45	
167	76124.60	15.448	1.25	4.75	61.76	-11.111	-0.737	0	0	1.11	3.26	0.85	-1	0	0	-11.09	220.60	
168	76307.95	10.891	1.4	2.85	28.1	-19.06	2.043	0	0	1.07	2.53	0.7	-1	0	0	-8.17	403.95	
169	77259.85	13.018	2	4	56.11	-8.816	-0.277	0	0	1.81	3.81	1.8	-1	0	0	-5.77	127.05	
170	78293.95	13.243	2.7	2.85	42.68	-8.905	-0.507	0	0	1.56	3.36	1.3	-1	0	0	-6.81	546.75	
171	79528.75	8.665	2.45	2.9	28.3	-12.6	-0.371	0	0	2.19	1.81	0.45	-1	0	0	-3.17	552.75	
172	79645.25	17.293	3.65	2.75	73.23	-11.158	-1.542	0	0	3.27	3.67	3	-1	0	0	-4.23	54.85	
173	80124.40	10.41	3.35	2.25	32.21	-11.471	0.235	0	0	3.18	1.32	1.2	-1	0	0	-2.62	534.00	
174	80615.45	43.481	4.65	7.35	352.1	-8.822	-0.287	0	0	3.93	9.08	3.65	-1	0	0	-8.85	410.65	
175	81708.80	13.896	2.35	2.6	44.79	-13.823	-1.045	0	0	2.24	2.47	1.05	-1	0	0	-4.96	275.20	
176	81498.75	17.717	2.9	10.4	168.82	-9.156	0.188	0	0	2.15	9.29	0.95	-1	0	0	-6.59	65.15	
177	82548.65	30.113	0.85	6.4	148.27	-10.787	1.427	0	0	0.64	5.28	0.55	-1	0	0	-37.84	500.65	
178	83664.90	28.603	2.2	4.6	131.99	-15.725	1.824	0	0	1.98	4.67	1.7	-1	0	0	-11.53	388.10	
179	83877.70	28.472	3.2	5.7	162.3	-10.113	0.517	0	0	2.27	6.72	1.65	-1	0	0	-10.03	600.90	
180	84070.90	18.224	1.95	6.75	106.67	-12.731	0.387	0	0	1.81	7.05	1.05	-1	0	0	-8.04	179.70	
181	84287.85	18.197	3.55	5.1	105.54	-11.477	0.063	0	0	3.35	5.19	2.85	-1	0	0	-4.34	396.65	
182	84334.15	37.884	3.5	9.4	350.05	-15.381	-2.681	0	0	3.07	9.43	2.5	-1	0	0	-9.86	442.95	
183	86402.80	18.009	3.35	8.65	131.13	-9.12	-2.655	0	0	2.23	7.35	1.5	-1	0	0	-6.47	54.00	
184	86522.35	23.162	3.85	6.2	149.11	-11.043	-0.789	0	0	3.22	6.58	2.65	-1	0	0	-5.76	173.55	
185	86600.20	15.574	4.65	2.7	77.44	-11.038	0.455	0	0	4.5	5.84	3.2	-1	0	0	-2.77	251.40	
186	87028.35	16.3	4.9	4.1	92.9	-11.545	-1.563	0	0	4.52	4.4	3.8	-1	0	0	-2.88	65.15	
187	88769.65	17.988	2.95	4.55	87.92	-8.952	2.122	0	0	2.64	4.89	1.95	-1	0	0	-5.45	577.65	
188	88886.10	14.278	2.5	2.8	47.77	-11.675	0.726	0	0	2.15	3.5	1.95	-1	0	0	-5.31	79.70	
189	89581.45	48.499	2.95	7.3	334.47	-12.172	0.193	0	0	2.37	7.44	1.85	-1	0	0	-16.36	160.65	
190	89999.25	17.121	3.95	5.15	100.46	-14.273	0.026	0	0	2.55	5.19	2.45	-1	0	0	-5.38	578.45	
191	91255.20	27.474	4.15	8.3	222.67	-10.782	0.549	0	0	3.99	8.61	2.85	-1	0	0	-5.51	605.60	
192	91393.95	14.879	2.25	8.8	105.34	-9.208	0.8	0	0	1.57	7.7	1.15	-1	0	0	-7.6	129.95	
193	91606.75	13.933	3.65	7	94.74	-10.646	-0.706	0	0	3.51	3.9	0.35	-1	0	0	-3.17	342.75	
194	91828.00	11.806	2.85	5	54.4	-12.083	1.463	0	0	1.6	4.59	1.35	-1	0	0	-5.92	564.00	
195	92468.50	19.441	4	9.85	193.95	-10.881	1.453	0	0	2.89	11	2.7	-1	0	0	-5.39	590.10	
196	92934.05	19.217	3.8	5.25	109.78	-9.015	-1.312	0	0	3	5.19	2.15	-1	0	0	-5.12	441.25	
197	93123.15	41.861	2.35	9.15	332.61	-8.884	0.998	0	0	2.09	7.81	1.75	-1	0	0	-16.02	15.95	
198	93598.45	39.483	3.4	7.65	301.92	-9.778	0.476	0	0	3.21	7.96	2.85	-1	0	0	-9.85	491.25	
199	93565.70	13.63	1.7	0.3	16.38	-11.278	2.467	0	0	1.38	0.96	0.75	-1	0	0	-7.9	458.50	
200	94513.15	10.019	2.65	2.45	31.72	-9.522	0.549	0	0	2.32	2.43	1.55	-1	0	0	-3.46	177.15	
201	94652.80	12.099	2.85	2	31.14	-9.334	-0.575	0	0	2.25	2.58	1.45	-1	0	0	-4.3	316.80	
202	95406.30	17.33	3.45	4.05	83.86	-12.501	1.422	0	0	3.32	3.74	2.8	-1	0	0	-4.18	455.90	
203	95642.45	25.43	3.2	8.6	201.41	-12.532	1.056	0	0	2.68	8.69	2.55	-1	0	0	-7.59	77.65	
204	95724.60	15.448	1.25	4.75	61.76	-11.111	-0.737	0	0	1.11	3.26	0.85	-1	0	0	-11.09	159.80	
205	95899.95	9.135	2.1	2.35	24.16	-16.306	0.021	0	0	1.99	1.39	0.95	-1	0	0	-3.67	335.15	
206	95907.95	13.625	2.15	2.9	42.38	-16.326	0.021	0	0	1.12	2.64	0.75	-1	0	0	-9.73	343.15	
207	96859.85	13.018	2	4	56.11	-8.816	-0.277	0	0	1.81	3.81	1.8	-1	0	0	-5.77	66.25	
208	97893.95	13.243	2.7	2.85	42.68	-8.905	-0.507	0	0	1.56	3.36	1.3	-1	0	0	-6.81	485.95	
209	99128.75	8.665	2.45	2.9	28.3	-12.6	-0.371	0	0	2.19	1.81	0.45	-1	0	0	-3.17	491.95	
210	99245.25	17.293	3.65	2.75	73.23	-11.158	-1.542	0	0	3.27	3.67	3	-1	0	0	-4.23	608.45	
211	99724.40	10.41	3.35	2.25	32.21	-11.471	0.235	0	0	3.18	1.32	1.2	-1	0	0	-2.62	473.20	
212	100215.50	43.481	4.65	7.35	352.1	-8.822	-0.287	0	0	3.93	9.08	3.65	-1	0	0	-8.85	349.85	
213	101308.80	13.896	2.35	2.6	44.79	-13.823	-1.045	0	0	2.24	2.47	1.05	-1	0	0	-4.96	214.40	
214	101101.80	14.837	4.55	3.95	83.21	-14.57	-1.145	0	0	4.2	6.48	3.25	-1	0	0	-2.83	417.00	
215	101811.60	15.271	4.15	5.65	92.35	-11.842	1.631	0	0	4	2.52	0.4	-1	0	0	-3.06	512.45	
216	102148.60	30.113	0.85	6.4	148.27	-10.787	1.427	0	0	0.64	5.28	0.55	-1	0	0	-37.84	235.05	
217	102228.60	9.768	1.9	1.7	17.86	-15.919	-3.883	0	0	1.63	1.33	0.45	-1	0	0	-4.79	315.00	
218	103264.90	28.603	2.2	4.6	131.99	-15.725	1.824	0	0	1.98	4.67	1.7	-1	0	0	-11.53	122.50	
219	103477.70	28.472	3.2	5.7	162.3	-10.113	0.517	0	0	2.27	6.72	1.65	-1	0	0	-10.03	335.30	
220	103670.90	18.224	1.95	6.75	106.67	-12.731	0.387	0	0	1.81	7.05	1.05	-1	0	0	-8.04	528.50	
221	103887.90	18.197	3.55	5.1	105.54	-11.477	0.063	0	0	3.35	5.19	2.85	-1	0	0	-4.34	131.05	
222	103935.10	40.476	4.45	8.45	365.4	-14.194	0.873	0	0	3.77	9.42	3.45	-1	0	0	-8.59	178.30	
223	105447.50	10.201	1.6	0.4	11.07	-11.215	1.108	0	0	1.42	0.47	0.35	-1	0	0	-5.75	461.85	
224	106002.80	18.009	3.35	8.65	131.13	-9.12	-2.655	0	0	2.23	7.35	1.5	-1	0	0	-6.47	402.80	
225	106122.40	23.162	3.85	6.2	149.11	-11.043	-0.789	0	0	3.22	6.58	2.65	-1	0	0	-5.76	522.35	
226	106200.20	15.574	4.65	2.7	77.44	-11.038	0.455	0	0	4.5	5.84	3.2	-1	0	0	-2.77	600.20	
227	106628.40	16.3	4.9	4.1	92.9	-11.545	-1.563	0	0	4.52	4.4	3.8	-1	0	0	-2.88	413.95	
228	108369.60	17.988	2.95	4.55	87.92	-8.952	2.122	0	0	2.64	4.89	1.95	-1	0	0	-5.45	312.05	
229	108486.10	14.278	2.5	2.8	47.77	-11.675	0.726	0	0	2.15	3.5	1.95	-1	0	0	-5.31	428.50	
230	109181.50	48.499	2.95	7.3	334.47	-12.172	0.193	0	0	2.37	7.44	1.85	-1	0	0	-16.36	509.45	
231	109599.30	17.121	3.95	5.15	100.46	-14.273	0.026	0	0	2.55	5.19	2.45	-1	0	0	-5.38	312.85	
232	110994.00	14.879	2.25	8.8	105.34	-9.208	0.8	0	0	1.57	7.7	1.15	-1	0	0	-7.6	478.75	
233	110855.20	27.474	4.15	8.3	222.67	-10.782	0.549	0	0	3.99	8.61	2.85	-1	0	0	-5.51	340.00	
234	111205.80	12.02	2.7	7.95	92.99	-10.808	0.209	0	0	2.57	6.09	1.55	-1	0	0	-3.74	76.20	
235	111428.00	11.806	2.85	5	54.4	-12.083	1.463	0	0	1.6	4.59	1.35	-1	0	0	-5.92	298.40	
236	112068.50	19.441	4	9.85	193.95	-10.881	1.453	0	0	2.89	11	2.7	-1	0	0	-5.39	324.50	
237	112534.00	19.217	3.8	5.25	109.78	-9.015	-1.312	0	0	3	5.19	2.15	-1	0	0	-5.12	175.65	
238	112723.10	41.877	2.35	9.15	332.61	-8.884	0.956	0	0	2.09	7.81	1.75	-1	0	0	-16.04	364.75	
239	113165.70	13.63	1.7	0.3	16.38	-11.278	2.467	0	0	1.38	0.96	0.75	-1	0	0	-7.9	192.90	
240	113198.50	39.483	3.4	7.65	301.92	-9.778	0.476	0	0	3.21	7.96	2.85	-1	0	0	-9.85	225.65	
241	114113.10	10.019	2.65	2.45	31.72	-9.522	0.549	0	0	2.32	2.43	1.55	-1	0	0	-3.46	525.95	
242	114252.80	12.099	2.85	2	31.14	-9.334	-0.575	0	0	2.25	2.58	1.45	-1	0	0	-4.3	51.20	
243	115006.30	17.33	3.45	4.05	83.86	-12.501	1.422	0	0	3.32	3.74	2.8	-1	0	0	-4.18	190.30	
244	115242.50	25.43	3.2	8.6	201.41	-12.532	1.056	0	0	2.68	8.69	2.55	-1	0	0	-7.59	426.45	
245	115324.60	15.448	1.25	4.75	61.76	-11.111	-0.737	0	0	1.11	3.26	0.85	-1	0	0	-11.09	508.60	
246	115508.00	10.891	1.4	2.85	28.1	-19.06	2.043	0	0	1.07	2.53	0.7	-1	0	0	-8.17	77.55	
247	116459.90	13.018	2	4	56.11	-8.816	-0.277	0	0	1.81	3.81	1.8	-1	0	0	-5.77	415.05	
248	117494.00	13.243	2.7	2.85	42.68	-8.905	-0.507	0	0	1.56	3.36	1.3	-1	0	0	-6.81	220.35	
249	119111.50	23.235	3.35	4.45	109.61	-16.379	-0.157	0	0	3.23	3.91	2.6	-1	0	0	-5.76	609.10	
250	119799.90	24.646	4.6	6.6	193.43	-16.828	-1.578	0	0	4.16	7.08	3.35	-1	0	0	-4.74	68.65	
251	120527.40	14.691	4.4	4.15	80.92	-19.441	-0.235	0	0	4.25	5.05	2.7	-1	0	0	-2.76	181.75	
252	121494.40	15.731	3.55	3.95	75.63	-14.043	0.078	0	0	3.4	4.63	2.55	-1	0	0	-3.7	534.35	
253	121711.00	35.005	4.65	8.3	285.24	-13.285	-0.272	0	0	4.26	8.44	3.05	-1	0	0	-6.57	136.60	
254	121844.30	15.14	2.3	2.6	45.64	-13.849	1.275	0	0	2.18	2.75	1.05	-1	0	0	-5.56	269.90	
255	122580.30	10.98	1.7	1.25	18.99	-13.912	0.653	0	0	1.58	1.1	1	-1	0	0	-5.55	391.50	
256	122612.20	10.698	1.7	4.45	44.32	-12.083	-1.881	0	0	1.61	2.35	0.95	-1	0	0	-5.33	423.40	
257	122923.80	20.293	1.7	4.95	98.41	-12.271	-2.289	0	0	1.57	5.47	1.45	-1	0	0	-10.33	120.60	
258	123685.40	14.069	2.9	5.85	70.43	-12.799	-2.305	0	0	2.78	2.66	0.35	-1	0	0	-4.05	267.75	
259	124125.50	45.744	3.9	6.05	301.07	-12.407	-1.573	0	0	3.6	7.38	3.05	-1	0	0	-10.16	93.55	
260	124956.80	11.409	2.4	4.3	40.7	-11.936	2.979	0	0	2	0.82	0.7	-1	0	0	-4.57	310.35	
261	125338.80	34.498	2.95	6.9	224.43	-11.628	2.174	0	0	2.58	6.84	2.45	-1	0	0	-10.68	78.00	
262	126445.50	38.062	4.7	7.55	324.9	-18.615	1.223	0	0	4.4	9.54	3.5	-1	0	0	-6.92	570.30	
263	125891.80	14.68	3.4	5.6	77.42	-16.713	-0.831	0	0	3.27	2.43	1.75	-1	0	0	-3.59	16.60	
264	127065.50	19.671	2.8	9.35	165.19	-13.269	-2.414	0	0	2.29	8.99	2.15	-1	0	0	-6.86	575.90	
265	128433.60	18.474	2.75	3.05	67.66	-13.964	1.061	0	0	2.1	4.61	1.7	-1	0	0	-7.02	100.85	
266	128446.60	18.365	2.2	6.25	99.15	-12.611	1.061	0	0	1.32	4.66	0.9	-1	0	0	-11.1	113.80	
267	129143.00	21.997	3.65	9.15	187.28	-16.279	1.176	0	0	3.52	8.84	2.75	-1	0	0	-5	195.85	
268	130173.10	20.533	2.7	5.3	107.48	-13.421	0.444	0	0	2.51	5.81	1.7	-1	0	0	-6.53	611.55	
269	130533.00	13.112	2.25	1.5	24.21	-13.321	-1.071	0	0	2.16	0.35	0.2	-1	0	0	-4.86	357.05	
270	130934.20	15.778	3.2	5.7	97.39	-12.971	1.646	0	0	3.08	6.49	2.4	-1	0	0	-4.1	143.80	
271	131249.80	37.205	3.75	10.7	382.76	-13.212	-1.829	0	0	3.32	10.41	2.85	-1	0	0	-8.98	459.40	
272	131317.00	15.062	2.5	3	55.56	-17.184	2.132	0	0	2.37	3.23	1.15	-1	0	0	-5.09	526.55	
273	133578.30	18.041	3.4	3.6	88.79	-13.504	-1.584	0	0	3.08	5.65	2.6	-1	0	0	-4.69	330.25	
274	135592.50	30.542	4.6	8.55	229.16	-10.097	0.481	0	0	2.76	6.54	1.95	-1	0	0	-8.87	501.30	
275	135621.70	29.178	2.9	6.85	187.77	-14.962	1.698	0	0	2.71	6.57	2.4	-1	0	0	-8.62	530.45	
276	136154.00	19.023	2.85	8.45	146.12	-13.917	0.648	0	0	2.68	7.68	1.55	-1	0	0	-5.68	448.45	
277	136659.60	19.932	4.7	2.95	91.11	-16.969	0.606	0	0	4.54	4.74	3	-1	0	0	-3.51	339.60	
278	137307.50	10.635	1.85	9.95	100.58	-14.252	-0.873	0	0	1.76	7.38	0.3	-1	0	0	-4.84	373.05	
279	138175.00	22.357	2.15	14.65	296.58	-12.193	0.314	0	0	1.82	11.61	1.35	-1	0	0	-9.8	11.75	
280	138959.30	28.232	3.05	6.65	168.88	-11.524	1.171	0	0	2.77	6.35	2.25	-1	0	0	-8.16	181.70	
281	140265.00	18.349	3.85	1.9	70.17	-12.882	2.252	0	0	3.61	3.73	2.15	-1	0	0	-4.07	258.60	
282	141572.90	18.161	2.05	5.75	105.07	-12.517	-0.883	0	0	1.8	6.65	1.55	-1	0	0	-8.09	337.70	
283	141637.00	23.277	3.65	6.25	169.97	-15.543	1.066	0	0	3.43	8.43	2.95	-1	0	0	-5.42	401.85	
284	142426.50	34.733	3.35	7.5	261.31	-14.628	-0.794	0	0	2.95	7.7	2.6	-1	0	0	-9.42	576.85	
285	142721.00	19.039	3.1	4.65	94.35	-16.128	0.361	0	0	2.93	6.6	2.1	-1	0	0	-5.19	257.05	
286	143198.50	17.92	3.9	3.75	87.18	-11.837	-1.787	0	0	3.38	3.63	2.35	-1	0	0	-4.24	120.15	
287	144111.60	14.957	2.05	1.7	37.81	-16.713	-1.824	0	0	1.93	2.15	1.7	-1	0	0	-6.19	418.80	
288	144156.30	21.589	3.95	4.75	112.59	-16.3	-2.169	0	0	3.34	5.83	2.7	-1	0	0	-5.18	463.55	
289	144734.30	28.577	1.7	6.45	159.57	-19.384	1.573	0	0	1.43	6.96	1.15	-1	0	0	-16.04	427.10	
290	145170.90	11.393	2.15	2.3	28.78	-16.912	0.345	0	0	2.07	0.25	0.15	-1	0	0	-4.41	249.30	
291	145184.80	39.787	4.6	12.5	491.32	-15.13	0.345	0	0	2.99	12.41	2.65	-1	0	0	-10.66	263.20	
292	145306.00	11.011	1.2	3.5	31.08	-16.865	1.16	0	0	1.07	0.41	0.3	-1	0	0	-8.22	384.35	
293	145325.80	11.059	1.4	2.2	22.31	-16.687	-0.005	0	0	1.04	1.5	0.6	-1	0	0	-8.53	404.20	
294	145346.50	18.788	4	6.25	112.14	-19.122	-0.8	0	0	3.64	2.62	2.3	-1	0	0	-4.13	424.95	
295	145580.20	17.246	4	8.4	138.44	-15.391	0.005	0	0	3.39	6.87	3.1	-1	0	0	-4.07	44.20	
296	146274.80	43.727	4.2	7.2	310.85	-15.71	0.334	0	0	2.54	7.59	2.25	-1	0	0	-13.76	124.40	
297	146738.50	13.891	0.7	4.2	47.66	-16.948	1.557	0	0	0.57	2.33	0.45	-1	0	0	-19.4	588.05	
298	147123.00	32.339	4.65	6	225.74	-29.857	1.928	0	0	4.31	7.15	2.1	-1	0	0	-6	358.25	
299	147355.20	17.293	3.3	4.1	80.78	-15.893	1.698	0	0	3.14	4.72	2	-1	0	0	-4.41	590.35	
300	147786.50	18.725	4.6	4.8	111.55	-16.238	-2.906	0	0	4.19	6.3	3.1	-1	0	0	-3.57	407.30	
301	148054.30	20.189	3.95	6.35	139.26	-16.677	-1.939	0	0	3.77	6.94	2.75	-1	0	0	-4.29	60.65	
302	148280.70	20.81	2.25	5.6	109.57	-18.615	-0.47	0	0	2.1	5.57	1.9	-1	0	0	-7.92	287.05	
303	149414.80	10.165	2.55	1.05	21.63	-17.163	-1.035	0	0	2.25	1.84	1.5	-1	0	0	-3.61	192.40	
304	149715.60	20.648	3.15	5.6	110.88	-17.424	-0.946	0	0	2.94	4.54	2.05	-1	0	0	-5.62	493.20	
305	149837.20	18.678	3.25	5.2	97.82	-18.323	-0.742	0	0	2.85	6.45	1.95	-1	0	0	-5.24	128.40	
306	150236.30	13.436	1.6	3.5	44.22	-15.804	-1.479	0	0	1.36	2.34	0.45	-1	0	0	-7.88	527.50	
307	150764.10	24.772	3.75	6.15	156.04	-17.795	-0.549	0	0	3.57	5.81	2.45	-1	0	0	-5.55	440.90	
308	150855.00	46.737	3.65	9	402.01	-15.95	0.888	0	0	3.26	9.08	2.9	-1	0	0	-11.46	531.75	
309	152596.70	9.627	4.1	1.1	29.35	-20.366	-0.585	0	0	3.82	0.25	0.15	-1	0	0	-2.02	430.30	
310	152851.40	12.616	2	4.35	50.2	-19.729	1.772	0	0	1.85	2.29	0.75	-1	0	0	-5.45	70.60	
311	153561.10	11.356	1.5	3.4	31.69	-19.541	-1.463	0	0	1.25	1.05	0.15	-1	0	0	-7.24	165.90	
312	154795.20	13.29	4	2.7	52.17	-16.164	0.057	0	0	2.9	1.27	0.4	-1	0	0	-3.67	171.15	
313	154990.40	11.597	1.5	2.3	24.7	-18.887	1.96	0	0	1.13	1.17	0.85	-1	0	0	-8.23	366.40	
314	156585.80	17.445	4.4	5.2	110.27	-15.151	3.402	0	0	4.19	5.57	2.25	-1	0	0	-3.33	118.60	
315	157170.80	27.416	2.05	8	185.19	-12.637	3.58	0	0	1.69	7.35	1.45	-1	0	0	-12.95	89.20	
316	157289.20	17.544	3.7	2.6	72.71	-14.257	0.956	0	0	3.24	5.21	2.7	-1	0	0	-4.33	207.55	
317	157466.10	27.902	2.5	8.2	192.89	-13.149	-1.202	0	0	2.28	6.29	2	-1	0	0	-9.79	384.50	
318	158044.90	29.428	4.3	7.2	209.56	-13.546	-1.887	0	0	3.73	7.64	2.85	-1	0	0	-6.31	348.90	
319	158135.20	16.201	4.5	2.9	73.72	-13.849	-1.239	0	0	3.88	4.95	3.05	-1	0	0	-3.34	439.20	
320	159351.50	27.641	4.4	9.15	247.14	-16.745	1.918	0	0	4.05	8.92	3	-1	0	0	-5.46	426.65	
321	159594.00	10.233	1.7	3.2	34.47	-16.88	1.103	0	0	1.37	3.53	1.2	-1	0	0	-5.99	54.75	
322	159743.30	40.722	4.1	7.9	335.96	-15.647	1.557	0	0	3.2	9	3.35	-1	0	0	-10.19	204.05	
323	159999.50	26.549	4.1	10	255.05	-12.752	-0.24	0	0	3.7	10.54	2.75	-1	0	0	-5.74	460.25	
324	160165.70	14.874	2.5	3.45	57.32	-14.309	1.374	0	0	2.15	2.48	1.3	-1	0	0	-5.55	12.10	
325	160538.70	33.05	2.2	7.25	208.52	-14.058	2.869	0	0	1.74	6.13	1.6	-1	0	0	-15.17	385.10	
326	161038.20	15.26	2.15	4.2	62.96	-16.666	1.228	0	0	1.85	2.88	1.5	-1	0	0	-6.6	270.20	
327	161466.00	10.28	1.15	3.05	26.41	-16.907	-1.354	0	0	0.57	0.45	0.35	-1	0	0	-14.37	83.55	
328	161647.50	42.656	3.4	7.1	297.85	-14.67	0.502	0	0	3.03	7.53	2.65	-1	0	0	-11.27	265.05	
329	162107.00	29.387	4.7	4.45	179.17	-15.725	1.045	0	0	4.31	6.73	3.6	-1	0	0	-5.45	110.20	
330	162326.70	37.524	3	7.1	269.2	-14.968	1.108	0	0	2.79	8.29	2.4	-1	0	0	-10.75	329.90	
331	163314.60	11.545	2.85	1.15	26.9	-15.532	0.455	0	0	2.68	1.3	0.45	-1	0	0	-3.45	89.00	
332	163516.60	11.341	2.85	4.6	52.16	-12.349	-0.941	0	0	2.75	2.55	0.35	-1	0	0	-3.3	291.00	
333	163463.00	7.416	2.7	1.3	18.3	-15.114	1.38	0	0	2.57	1.84	1.7	-1	0	0	-2.31	237.40	
334	163654.50	29.261	3.6	8.1	231.91	-14.586	-1.834	0	0	3.45	8.51	1.9	-1	0	0	-6.78	428.95	
335	163868.10	36.735	2.85	7.45	249.66	-13.285	-0.549	0	0	2.62	7.46	1.9	-1	0	0	-11.23	28.10	
336	164291.80	16.839	2.95	4.25	73.41	-16.06	3.021	0	0	2.41	3.02	1.25	-1	0	0	-5.6	451.80	
337	164376.20	15.945	3.35	4.95	81.5	-16.123	1.469	0	0	2.57	5.88	2.05	-1	0	0	-4.96	536.15	
338	164831.50	26.465	3.8	4.95	145.46	-14.006	1.082	0	0	3.41	6.1	2.85	-1	0	0	-6.2	377.15	
339	165331.00	17.852	2.7	4.15	76.99	-16.295	0.758	0	0	2.51	4.36	1.45	-1	0	0	-5.68	262.25	
340	165536.80	30.374	3.4	6.25	191.05	-11.936	-1.354	0	0	2.93	6.86	2.25	-1	0	0	-8.3	468.00	
341	165744.30	18.014	3.5	9.65	169.24	-13.625	0.125	0	0	3.36	7.86	2.45	-1	0	0	-4.3	61.15	
342	166951.80	16.948	4.4	2.6	79.3	-14.832	-0.073	0	0	4.27	5.73	3.25	-1	0	0	-3.17	39.80	
343	167422.40	11.68	3.7	2.5	42.29	-12.527	1.118	0	0	3.58	1.56	0.6	-1	0	0	-2.61	510.40	
344	167660.80	16.002	1.75	3.2	54.99	-13.144	-1.479	0	0	1.55	4.26	1.3	-1	0	0	-8.28	134.45	
345	167877.50	15.375	2.55	5.15	74.84	-11.403	1.902	0	0	2.42	3	0.2	-1	0	0	-5.07	351.10	
346	168033.40	19.64	2.2	5.25	95.44	-13.379	-0.491	0	0	2.07	5.42	1.6	-1	0	0	-7.58	507.00	
347	168336.20	60.958	3.55	9.15	520.04	-12.872	0.528	0	0	2.8	9.33	2.55	-1	0	0	-17.44	195.40	
348	169563.60	36.301	3.3	4.95	200.6	-13.849	1.479	0	0	3.14	6.04	2.45	-1	0	0	-9.26	194.00	
349	170761.90	27.751	3.05	7.4	195.69	-11.335	1.855	0	0	2.87	6.58	2.25	-1	0	0	-7.73	163.50	
350	171681.20	24.025	3.3	5.3	132.47	-12.119	1.793	0	0	3.13	5.49	2.5	-1	0	0	-6.14	468.35	
351	171945.50	36.306	2.1	8.75	269.31	-14.706	-1.74	0	0	1.77	7.82	1.35	-1	0	0	-16.43	118.35	
352	172660.80	23.413	1.15	5.3	107.06	-16.394	-0.988	0	0	1	4.66	0.95	-1	0	0	-18.79	219.15	
353	173212.10	7.123	0.8	3.85	27.51	-12.83	0.214	0	0	0.41	4.2	0.45	-1	0	0	-13.76	156.10	
354	173814.70	31.101	4.6	7.15	257.33	-15.145	0.81	0	0	4.39	7.66	3.9	-1	0	0	-5.67	144.30	
355	173950.80	19.859	3.55	6.75	119.17	-16.452	0.507	0	0	2.17	5.49	1.5	-1	0	0	-7.31	280.45	
356	174877.50	15.198	3.2	7.8	117.02	-15.198	-1.923	0	0	2.67	8.11	1.65	-1	0	0	-4.55	592.70	
357	174957.70	24.667	3.15	5.55	139.61	-12.611	3.951	0	0	3.01	6.22	2.2	-1	0	0	-6.57	58.50	
358	174986.40	11.712	1.1	2.5	25.33	-13.719	-0.204	0	0	0.99	0.73	0.6	-1	0	0	-9.43	87.20	
359	175081.70	13.567	4.25	3.9	60.51	-18.621	0.507	0	0	3.61	1.13	0.15	-1	0	0	-3.01	182.50	
360	175438.60	22.478	3.55	6.4	148.75	-12.835	-0.622	0	0	2.91	6.33	2.65	-1	0	0	-6.18	539.40	
361	175317.60	7.918	0.95	8.75	62.67	-13.975	0.679	0	0	0.88	0.26	0.15	-1	0	0	-7.16	418.40	
362	175960.70	12.548	1.65	7.6	70.99	-12.935	0.162	0	0	1.57	0.48	0.35	-1	0	0	-6.39	447.05	
363	176314.30	23.523	2.05	6.9	137.05	-16.029	1.678	0	0	1.63	6.65	1.1	-1	0	0	-11.57	186.30	
364	176329.10	24.939	2.9	6.35	152.05	-16.875	1.678	0	0	2.44	6.32	1.6	-1	0	0	-8.19	201.10	
365	176431.90	12.616	2.55	7.6	84.09	-16.389	0.606	0	0	2.34	5.21	0.9	-1	0	0	-4.32	303.90	
366	176668.70	20.727	4.65	6.7	156.92	-16.107	-0.523	0	0	4.49	7.51	3.05	-1	0	0	-3.69	540.65	
367	177107.20	14.921	3.85	4.3	73.33	-13.745	0.188	0	0	3.2	3.55	2.65	-1	0	0	-3.73	364.80	
368	178265.10	42.515	2.15	6.5	257.96	-12.658	0.496	0	0	1.03	6.68	1.75	-1	0	0	-32.93	293.90	
369	178441.50	10.818	3.6	5.7	62.87	-13.28	2.127	0	0	3.06	3.01	2.2	-1	0	0	-2.83	470.30	
370	179153.70	33.959	2.55	7.15	227.3	-13.003	-3.684	0	0	2.4	7.41	1.85	-1	0	0	-11.34	568.05	
371	179846.00	16.039	1.95	6.6	102.5	-15.234	-0.026	0	0	1.78	6.33	1.5	-1	0	0	-7.21	31.60	
372	180054.50	32.899	3.45	5.85	199.48	-13.431	1.061	0	0	3.24	6.95	2.65	-1	0	0	-8.12	240.10	
373	180459.60	20.1	1.95	5.85	110.51	-13.583	0.674	0	0	1.26	6.48	1	-1	0	0	-12.77	30.80	
374	181042.50	24.866	4.5	7.05	187.65	-12.971	-0.366	0	0	4.11	7.68	3.55	-1	0	0	-4.84	613.75	
375	181641.30	12.794	2.65	5	55.77	-16.718	1.442	0	0	2.36	2.54	0.7	-1	0	0	-4.33	610.95	
376	182298.00	14.832	1.6	8.05	108.01	-19.133	0.188	0	0	1.36	5.48	1.25	-1	0	0	-8.71	51.60	
377	183328.70	21.291	2.3	4.85	99.08	-14.565	-2.529	0	0	1.64	4.69	1.45	-1	0	0	-10.38	467.90	
378	183562.20	35.052	2.5	9.7	282.54	-12.25	-0.763	0	0	2.21	8.66	1.65	-1	0	0	-12.7	86.95	
379	184103.40	16.211	3.35	4.25	86.34	-12.909	0.23	0	0	3.21	3.59	3.05	-1	0	0	-4.03	13.80	
380	184376.70	16.666	1.6	5.9	91.85	-14.095	-1.845	0	0	1.41	5.6	1.05	-1	0	0	-9.44	287.05	
381	184619.60	11.623	4.7	1.55	47.94	-14.053	1.432	0	0	4.61	4	3.6	-1	0	0	-2.02	530.00	
382	184721.00	12.846	2.7	3.7	49.05	-13.436	1.761	0	0	2.58	1.94	1.35	-1	0	0	-3.99	17.05	
383	184754.20	26.753	3.2	4.8	142.96	-14.152	2.446	0	0	2.75	6.18	2.5	-1	0	0	-7.79	50.15	
384	185606.50	40.032	3.35	7	270.21	-11.278	-0.732	0	0	2.92	7.22	2.3	-1	0	0	-10.95	288.15	
385	185628.80	19.718	5.95	5.8	153.61	-11.649	-0.732	0	0	5.03	8.44	3.7	-1	0	0	-3.13	310.40	
386	185754.40	17.079	1.45	6.8	92.29	-12.804	-1.981	0	0	1.29	4.91	0.45	-1	0	0	-10.59	436.00	
387	185859.00	35.412	4.75	4.5	221.72	-30.014	-0.031	0	0	4.58	6.69	3.55	-1	0	0	-6.19	540.60	
388	185892.90	45.237	3.5	7.55	353.26	-17.058	1.124	0	0	2.34	8.65	2.95	-1	0	0	-15.45	574.50	
389	187046.00	23.063	2.4	3.4	82.32	-14.388	3.052	0	0	1.99	3.82	1.45	-1	0	0	-9.29	498.85	
390	187398.00	23.366	2.45	5.2	120.83	-13.536	0.716	0	0	2.25	6.02	1.9	-1	0	0	-8.29	236.40	
391	187958.50	25.451	4.55	8.85	209.55	-11.571	-0.7	0	0	4.37	7.54	3	-1	0	0	-4.66	182.45	
392	188558.00	10.165	3	2.1	32.36	-12.632	-1.16	0	0	2.88	0.36	0.25	-1	0	0	-2.82	167.65	
393	188647.00	26.434	2.05	11.65	292.7	-12.898	0.737	0	0	1.8	12.17	1.65	-1	0	0	-11.72	256.55	
394	188652.70	28.08	2.9	4.6	148.26	-16.854	0.737	0	0	2.55	4.83	1	-1	0	0	-8.82	262.25	
395	189391.80	25.911	4.3	6.25	173.6	-11.837	1.667	0	0	4.14	7.5	2.95	-1	0	0	-5.01	387.00	
396	189956.00	25.085	3.95	8.2	207.08	-10.844	1.939	0	0	3.57	8.82	2.65	-1	0	0	-5.63	336.80	
397	190981.20	9.255	0.8	1.15	11.35	-11.78	0.261	0	0	0.7	0.51	0.35	-1	0	0	-10.55	133.20	
398	191452.10	15.976	4.3	6.9	109.78	-11.477	0.418	0	0	3.57	5.62	1.35	-1	0	0	-3.58	604.10	
399	192003.30	22.587	4.45	8.8	185.14	-12.02	-0.188	0	0	3.82	8.18	1.7	-1	0	0	-4.73	540.95	
400	192213.40	30.406	3.15	4.95	158.8	-11.984	-0.047	0	0	2.78	6.61	2.35	-1	0	0	-8.74	136.60	
401	193327.70	18.532	4	4.85	101.52	-12.245	2.493	0	0	3.4	5.86	2.5	-1	0	0	-4.36	22.05	
402	194011.80	24.657	4.1	5	152.52	-11.283	-0.261	0	0	3.95	5.85	2.95	-1	0	0	-4.99	91.75	
403	194110.00	22.708	4.65	5.6	157.67	-11.853	0.852	0	0	4.47	8.25	3.6	-1	0	0	-4.06	190.05	
404	195310.80	35.778	2.35	9.35	290.09	-12.799	2.158	0	0	1.66	8.3	1.75	-1	0	0	-17.23	161.95	
405	196517.40	21.406	4.4	5.6	144.8	-15.433	1.709	0	0	4.06	7.08	3.3	-1	0	0	-4.22	139.80	
406	196768.50	24.934	1.8	6.05	138.46	-11.158	-1.239	0	0	1.4	5.31	1.5	-1	0	0	-14.25	390.90	
407	197342.70	33.886	4.2	11.5	364.32	-11.414	1.599	0	0	3.65	11.42	2.15	-1	0	0	-7.44	350.70	
408	197527.80	19.525	2.1	8.3	141.82	-11.623	2.226	0	0	1.97	6.95	1.75	-1	0	0	-7.93	535.85	
409	197829.30	17.377	4.2	5.3	115.66	-13.311	-0.35	0	0	3.88	8.23	3.05	-1	0	0	-3.59	222.90	
410	198145.40	16.974	2.95	5.6	98.58	-10.844	-0.413	0	0	2.77	5.49	2.45	-1	0	0	-4.9	539.00	
411	198359.00	20.533	2.7	7.5	125.12	-10.802	0.131	0	0	2.58	4.92	1.5	-1	0	0	-6.38	138.15	
412	198551.40	21.777	2.85	11.15	224.51	-11.56	0.219	0	0	2.17	9.56	1.3	-1	0	0	-8.01	330.60	
413	199387.00	25.153	3.1	9.8	239.18	-11.727	1.05	0	0	2.92	10.99	1.95	-1	0	0	-6.89	551.85	
414	199653.60	28.059	4.25	7.8	234.96	-10.316	-0.507	0	0	3.84	10.03	2.85	-1	0	0	-5.85	204.00	
415	200103.20	32.162	3.05	7.4	220.07	-9.742	-1.746	0	0	2.88	7.2	2.2	-1	0	0	-8.94	39.15	
416	200158.70	19.572	4.7	6.45	138.68	-10.332	-0.246	0	0	4.25	6.77	3.45	-1	0	0	-3.69	94.65	
417	200397.30	23.256	1.85	7.25	136.86	-8.916	-2.132	0	0	1.65	6.01	1	-1	0	0	-11.27	333.35	
418	201873.70	22.06	3.7	8.95	187.07	-11.592	-0.679	0	0	3.55	8.61	2.5	-1	0	0	-4.97	580.90	
419	202910.30	48.091	3.05	8	363.92	-13.405	1.568	0	0	2.06	8.12	2.4	-1	0	0	-18.7	388.75	
420	204536.80	42.682	3.45	6.3	291.93	-13.719	-0.7	0	0	1.73	7.23	2.9	-1	0	0	-19.73	172.00	
421	204856.40	27.939	2.1	4.95	133.72	-14.503	0.068	0	0	1.93	4.29	1.8	-1	0	0	-11.59	491.60	
422	205018.20	23.178	2.35	4.05	98.84	-14.361	0.021	0	0	2.18	4.62	1.95	-1	0	0	-8.53	38.95	
423	205854.20	15.919	2.7	4.5	73.33	-12.956	1.359	0	0	2.06	4.74	1.4	-1	0	0	-6.19	260.60	
424	206681.30	26.204	3.4	5.6	150.74	-11.147	0.214	0	0	3.22	5.9	2.5	-1	0	0	-6.51	473.35	
425	207852.80	16.144	1.6	6	88.94	-12.731	-1.651	0	0	0.88	5.48	0.65	-1	0	0	-14.62	415.95	
426	208857.70	23.471	1.65	8.25	155.91	-13.677	-2.033	0	0	1.14	7.41	0.95	-1	0	0	-16.54	192.10	
427	208937.30	13.943	1.9	4.4	57.72	-15.825	-1.223	0	0	1.77	3.92	1.2	-1	0	0	-6.32	271.75	
428	209291.80	35.736	3.2	7.4	255.46	-13.692	1.834	0	0	2.97	8	2.6	-1	0	0	-9.64	11.85	
429	209546.20	10.928	3.65	2.95	43.01	-10.64	-0.559	0	0	3.58	1.4	1.2	-1	0	0	-2.44	266.15	
430	210401.80	14.131	4.6	2.2	57.16	-16.483	-2.075	0	0	4.44	2.98	2.45	-1	0	0	-2.55	507.35	
431	210739.40	22.718	1.6	3.95	81.72	-13.536	3.245	0	0	1.44	5.03	1.2	-1	0	0	-12.66	230.60	
432	212176.50	16.368	4.8	4.8	96.53	-23.141	-0.826	0	0	4.38	4.82	1.7	-1	0	0	-2.99	438.90	
433	212405.20	15.25	3.4	1.85	42.57	-11.126	-0.423	0	0	3.06	1.45	1.3	-1	0	0	-3.98	53.20	
434	213175.30	27.134	3.75	7.95	197.1	-9.883	-0.042	0	0	2.66	7.41	2.35	-1	0	0	-8.16	208.95	
435	213373.70	27.662	4.7	7.05	215.8	-10.703	1.908	0	0	4.41	8.41	3.45	-1	0	0	-5.02	407.30	
436	213640.90	12.961	3.95	3.45	57.81	-11.947	-0.47	0	0	3.84	1.79	1	-1	0	0	-2.7	60.10	
437	214445.30	38.464	2.6	6.1	223.85	-9.71	-1.343	0	0	2.19	6.05	1.95	-1	0	0	-14.03	250.10	
438	214541.00	18.783	3.8	7.05	130.29	-11.503	0.136	0	0	3.37	5.71	2.7	-1	0	0	-4.46	345.75	
439	215139.00	21.5	1.7	6.8	123.12	-13.285	2.064	0	0	1.4	5.26	1.4	-1	0	0	-12.32	329.45	
440	216325.10	16.598	2.7	6.5	89.29	-10.792	1.761	0	0	2.07	4.81	0.65	-1	0	0	-6.42	286.70	
441	216595.00	45.415	3.95	5.55	295.03	-11.116	0.057	0	0	3.72	7.38	3.35	-1	0	0	-9.77	556.60	
442	216701.50	10.447	1.5	4.55	38.36	-12.637	0.564	0	0	1.37	1.68	0.15	-1	0	0	-6.08	48.70	
443	216927.70	15.543	1.6	6.55	95.69	-11.027	-1.118	0	0	1.26	6.34	1	-1	0	0	-9.84	274.85	
444	217571.20	25.059	2.4	6.2	144.43	-12.511	-0.235	0	0	2.14	5.84	1.85	-1	0	0	-9.37	303.95	
445	218285.00	16.379	3.5	8.05	118.72	-11.816	-0.899	0	0	3.02	6.72	1.65	-1	0	0	-4.33	403.35	
446	218520.90	13.149	1.85	3.55	41.64	-14.335	-2.31	0	0	1.25	2.99	0.8	-1	0	0	-8.39	24.90	
447	218559.10	27.411	2.5	7	172.97	-13.342	-0.622	0	0	2.28	6.05	1.95	-1	0	0	-9.63	63.10	
448	218921.40	10.363	1.45	2.7	24.65	-12.553	-0.998	0	0	1.35	1.26	0.15	-1	0	0	-6.12	425.40	
449	219259.50	17.952	2.7	7.5	125.74	-18.631	0.716	0	0	2.35	7.11	1.5	-1	0	0	-6.1	149.15	
450	219242.50	32.846	3.45	6.9	251.06	-14.299	-0.408	0	0	2.89	8.31	2.6	-1	0	0	-9.09	132.05	
451	219403.00	36.16	3	7.4	246.19	-11.612	3.042	0	0	2.71	6.72	1.9	-1	0	0	-10.67	292.60	
452	219812.30	17.774	3.4	5.5	111.14	-12.862	-0.235	0	0	3.28	6.39	2.6	-1	0	0	-4.34	87.55	
453	219938.70	29.063	3.2	6.3	192.37	-10.917	-2.629	0	0	2.92	7.69	2.4	-1	0	0	-7.96	213.85	
454	220000.60	44.96	4.75	8.2	420.12	-16.274	1.563	0	0	4.3	10.14	4.1	-1	0	0	-8.36	275.80	
455	220135.00	30.265	3	8.3	214.61	-12.496	-2.179	0	0	2.58	7.41	1.95	-1	0	0	-9.4	410.20	
456	220179.80	19.541	3.3	8.15	141.47	-14.226	-0.037	0	0	3.11	6.07	1.95	-1	0	0	-5.02	455.05	
457	220422.00	27.573	4.7	7.5	213.08	-15.067	-0.057	0	0	3.83	6.76	3.3	-1	0	0	-5.76	82.85	
458	220540.00	17.387	4.8	6.7	114.75	-12.72	-0.261	0	0	4.3	4.63	1.95	-1	0	0	-3.23	200.85	
459	221901.30	29.664	4.3	6.95	219.63	-10.64	0.35	0	0	3.57	7.46	3.05	-1	0	0	-6.65	333.30	
460	222242.90	10.834	2	3.5	34.4	-10.515	-0.533	0	0	1.87	0.32	0.15	-1	0	0	-4.62	60.50	
461	222316.80	34.012	2.1	8.45	231.23	-11.921	1.301	0	0	1.83	7.03	1.65	-1	0	0	-14.83	134.40	
462	222679.20	16.311	3.85	3.8	79.86	-11.132	-0.69	0	0	3.46	5.61	3	-1	0	0	-3.78	496.75	
463	222879.20	30.39	2.8	6.35	179.79	-11.801	-0.172	0	0	2.37	6.32	1.95	-1	0	0	-10.27	82.40	
464	222978.80	18.976	3.6	6.4	112.91	-11.822	0.575	0	0	3.16	3.33	2.1	-1	0	0	-4.8	182.05	
465	223170.80	17.016	4.4	6.95	140.9	-13.818	3.172	0	0	4.25	8.15	3.1	-1	0	0	-3.2	374.05	
466	223423.90	10.149	2.15	4.9	52.03	-11.001	0.282	0	0	2.07	6.5	1.9	-1	0	0	-3.91	12.70	
467	223500.80	16.217	3.95	4.95	92.06	-10.933	-2.435	0	0	3.8	3.72	2.9	-1	0	0	-3.42	89.65	
468	223546.80	19.635	3.9	4.6	97.13	-10.787	3.758	0	0	3.16	3.65	0.15	-1	0	0	-4.97	135.65	
469	223635.30	22.755	3.8	3.95	113.79	-11.701	-2.132	0	0	3.65	5.13	2.85	-1	0	0	-4.99	224.15	
470	224569.70	18.082	2.25	6.55	105.33	-10.672	1.301	0	0	2.17	4.96	1.15	-1	0	0	-6.68	544.05	
471	224965.60	24.171	3.85	8.15	189.63	-9.961	0.146	0	0	3.69	8.84	2.85	-1	0	0	-5.24	325.60	
472	225011.80	27.552	2.95	6.1	158.2	-11.461	-0.805	0	0	2.76	6.48	2.2	-1	0	0	-7.98	371.80	
473	225163.70	9.031	2.85	3.25	31.98	-10.562	1.887	0	0	2.41	0.48	0.15	-1	0	0	-2.99	523.70	
474	225261.40	10.912	2.45	2	26.47	-11.686	-2.759	0	0	2.34	1.16	0.65	-1	0	0	-3.72	7.00	
475	225780.00	40.837	3.15	8.2	308.47	-9.909	0.35	0	0	2.18	8	2.3	-1	0	0	-14.98	525.60	
476	227621.00	16.326	1.95	5.65	89.93	-12.783	0.047	0	0	1.79	6.13	1.35	-1	0	0	-7.28	523.45	
477	227834.30	22.901	4.25	9.8	220.67	-9.83	-0.073	0	0	3.26	9.4	2.55	-1	0	0	-5.62	122.35	
478	228873.80	20.403	3.4	6.65	134.25	-9.449	0.821	0	0	3.03	5.56	2.35	-1	0	0	-5.38	547.35	
479	229082.20	23.81	4.35	5.55	154.76	-10.703	0.366	0	0	3.85	6.11	3.45	-1	0	0	-4.94	141.35	
480	229312.10	48.467	2.75	7.5	351.12	-10.4	1.092	0	0	2.56	8.2	2.2	-1	0	0	-15.13	371.30	
481	230317.50	23.052	1.65	6.85	144.89	-10.855	-0.397	0	0	1.51	7.45	1.25	-1	0	0	-12.25	147.85	
482	230398.20	19.734	3.15	5.05	103.82	-12.219	0.904	0	0	2.02	5.54	1.3	-1	0	0	-7.83	228.60	
483	230709.70	30.353	2.65	6.95	194.64	-11.1	0.956	0	0	2.28	6.32	1.95	-1	0	0	-10.63	540.10	
484	230920.70	15.736	3.1	2.6	59.85	-11.137	0.789	0	0	2.98	3.01	2.85	-1	0	0	-4.23	136.70	
485	231008.50	16.447	2.95	1.8	37.96	-9.846	0.669	0	0	2.3	2.47	1.35	-1	0	0	-5.72	224.50	
486	231637.30	16.102	2.25	5	75.82	-12.114	-0.695	0	0	2.09	3.88	1.05	-1	0	0	-6.15	238.90	
487	232039.60	16.206	1.75	4.95	70.28	-11.654	-0.512	0	0	1.38	4.58	1.05	-1	0	0	-9.38	26.80	
488	232315.40	16.865	1.2	5.15	72.32	-12.877	1.124	0	0	1.04	4.99	1	-1	0	0	-13.03	302.60	
489	232124.10	28.362	3.7	4.6	163.57	-18.218	-2.838	0	0	3.54	7.08	3.05	-1	0	0	-6.41	111.30	
490	232114.20	20.894	2.3	19.7	405.03	-11.738	-2.838	0	0	1.48	6.72	1.15	-1	0	0	-11.29	101.35	
491	232949.00	25.807	4.15	6.35	198.3	-14.111	-1.082	0	0	3.94	7.82	3.7	-1	0	0	-5.24	321.85	
492	233130.90	28.409	3.15	6.8	183.57	-10.98	-1.651	0	0	2.47	6.92	1.9	-1	0	0	-9.21	503.70	
493	233143.40	25.629	5.6	5.95	193.44	-14.152	-1.651	0	0	5.48	7.46	2.25	-1	0	0	-3.74	516.20	
494	233664.00	12.459	1.9	1.35	26.1	-11.184	-0.747	0	0	1.79	2.75	1.5	-1	0	0	-5.57	422.35	
495	234448.50	13.301	1.95	2.4	38.75	-15.809	-0.387	0	0	1.82	3.63	1.3	-1	0	0	-5.85	592.45	
496	235072.30	19.875	1.8	3.95	69.49	-12.814	0.679	0	0	1.68	4.03	0.7	-1	0	0	-9.49	601.85	
497	234661.30	23.267	4.45	7.45	184.37	-15.297	-0.523	0	0	4.1	9.42	2.75	-1	0	0	-4.54	190.90	
498	235294.70	31.555	4.55	8.8	281.48	-9.621	-0.847	0	0	3.75	10.01	2.8	-1	0	0	-6.73	209.90	
499	235819.00	25.791	4.45	8.7	223.83	-9.877	0.533	0	0	3.81	8.27	2.85	-1	0	0	-5.41	119.80	
500	236020.20	12.49	4	3	51.19	-12.24	0.695	0	0	3.04	2.58	1.1	-1	0	0	-3.28	320.95	
