500	Time (ms)	Amplitude	Rise (ms)	Decay (ms)	Area	Baseline	Noise	Group	Channel	10-90Rise	HalfWidth	Rise50	Peak Dir	Burst#	BurstE#	10-90Slope	Rel Time	
1	47.90	16.675	3.3	3.7	76.14	-53.016	-0.635	0	0	3.15	5.42	2.85	-1	0	0	-4.23	47.90	
2	91.05	11.328	1.45	3.05	35.38	-55.789	1.596	0	0	1.33	3.46	0.65	-1	0	0	-6.79	91.05	
3	233.15	21.545	3.7	3.25	71.63	-53.592	-1.612	0	0	1.9	3.04	1.55	-1	0	0	-9.07	233.15	
4	348.20	35.071	2	4.4	156.87	-52.481	-0.576	0	0	0.98	5.26	1.65	-1	0	0	-28.62	348.20	
5	748.85	19.114	3.85	8.6	153.77	-52.899	1.303	0	0	2.85	7.59	2.15	-1	0	0	-5.37	134.45	
6	873.00	21.286	2.4	5.1	104.56	-52.966	-0.51	0	0	2.24	6.07	1.6	-1	0	0	-7.61	258.60	
7	1006.15	15.923	1.85	3.5	56.08	-53.4	1.103	0	0	1.69	4	1.35	-1	0	0	-7.52	391.75	
8	1113.75	41.863	2.1	4.7	204.22	-52.982	0.802	0	0	0.92	5.46	1.7	-1	0	0	-36.25	499.35	
9	1330.45	27.987	1.65	6.15	143.59	-52.097	0.635	0	0	1.52	4.67	0.9	-1	0	0	-14.75	101.65	
10	1415.80	25.038	2.55	4.95	119.61	-53.592	2.172	0	0	2.37	4.85	2.15	-1	0	0	-8.44	187.00	
11	1616.80	14.595	1.65	5.05	68.13	-53.843	-1.997	0	0	1.44	4.52	1.25	-1	0	0	-8.12	388.00	
12	1774.35	25.029	1.1	5.9	113.84	-52.773	2.13	0	0	0.74	3.62	0.85	-1	0	0	-26.98	545.55	
13	1932.65	13.108	0.5	3.3	31.82	-53.492	-2.356	0	0	0.39	1.08	0.15	-1	0	0	-26.64	89.45	
14	2195.70	26.023	2.1	6.7	163.47	-51.512	0.468	0	0	1.82	6.82	1.4	-1	0	0	-11.44	352.50	
15	2466.55	20.944	2.1	3.6	78.06	-50.91	1.069	0	0	1.85	3.68	1.6	-1	0	0	-9.06	8.95	
16	2921.05	15.322	2.5	4	68.86	-52.239	0.894	0	0	2.29	4.81	1.9	-1	0	0	-5.35	463.45	
17	3193.10	14.094	1.4	3	40.09	-53.567	-3.066	0	0	1.2	2.29	0.3	-1	0	0	-9.38	121.10	
18	3371.25	16.591	1.95	3.5	56.14	-54.252	-0.409	0	0	1.59	3.64	1.3	-1	0	0	-8.37	299.25	
19	3458.40	18.956	2.85	4.85	92.25	-53.341	-1.621	0	0	2.13	5.54	1.5	-1	0	0	-7.13	386.40	
20	3639.90	42.857	2.6	6	257.29	-53.559	2.799	0	0	1.74	6.22	1.9	-1	0	0	-19.71	567.90	
21	3402.30	7.193	2.2	4.45	30.91	-52.289	1.094	0	0	1.26	2.65	0.75	-1	0	0	-4.56	330.30	
22	3840.95	12.072	2.9	2.7	41.51	-52.748	0.376	0	0	2.18	1.92	1.85	-1	0	0	-4.44	154.55	
23	4035.30	14.052	2.85	3.95	62.15	-53.567	-1.612	0	0	2.54	3.27	1.45	-1	0	0	-4.42	348.90	
24	3858.00	11.754	2.55	5.1	51.62	-48.22	0.376	0	0	2.46	3.14	0.75	-1	0	0	-3.83	171.60	
25	4121.50	20.777	4	5.05	122.91	-51.504	0.51	0	0	3.71	6	2.7	-1	0	0	-4.49	435.10	
26	4536.50	9.758	0.6	3.15	22.79	-52.122	1.688	0	0	0.4	0.25	0.15	-1	0	0	-19.65	235.70	
27	4638.45	13.968	2.95	2.15	40.81	-51.629	-2.916	0	0	2.34	2.33	2	-1	0	0	-4.78	337.65	
28	5104.95	11.863	3	3.05	41.54	-50.401	-0.927	0	0	2.87	1.67	1.1	-1	0	0	-3.31	189.75	
29	5373.90	13.133	4.45	1.75	42.98	-53.584	-0.067	0	0	3.9	0.54	0.45	-1	0	0	-2.69	458.70	
30	6321.15	27.084	2.2	5.2	128.76	-51.504	-1.069	0	0	2.08	5.53	1.55	-1	0	0	-10.41	177.15	
31	6381.25	24.486	1.35	4.75	102.48	-51.178	-0.977	0	0	1.24	4.18	1.2	-1	0	0	-15.76	237.25	
32	6737.65	27.786	1.75	3.85	97.81	-52.464	-0.359	0	0	1.49	3.71	1.25	-1	0	0	-14.91	593.65	
33	7216.80	18.271	2.25	7.2	115.83	-50.083	1.387	0	0	2.08	5.04	1.2	-1	0	0	-7.02	458.40	
34	7238.00	14.896	1.85	3.9	52.36	-49.507	1.387	0	0	1.49	2.99	1.2	-1	0	0	-8.01	479.60	
35	7455.80	14.302	2.2	4.55	58.59	-50.376	-1.721	0	0	1.58	2.68	1.15	-1	0	0	-7.24	83.00	
36	7465.65	20.008	2.25	4.85	96	-50.401	-1.721	0	0	2.11	5.15	1.6	-1	0	0	-7.58	92.85	
37	7566.75	9.382	3.25	0.4	20.41	-52.631	1.947	0	0	3.14	0.26	0.15	-1	0	0	-2.39	193.95	
38	7611.55	28.254	2	5.35	135.9	-51.103	0.802	0	0	1.79	5.56	1.55	-1	0	0	-12.66	238.75	
39	7841.65	35.388	2.2	4.35	146.29	-50.877	1.47	0	0	1.61	4.51	1.55	-1	0	0	-17.56	468.85	
40	7994.30	8.012	0.8	2.2	15.4	-52.682	0.493	0	0	0.69	1.34	0.7	-1	0	0	-9.23	7.10	
41	8171.30	13.258	1.85	2.85	40.69	-56.341	0.919	0	0	1.74	3.35	1.55	-1	0	0	-6.08	184.10	
42	8320.35	23.066	2.95	4.6	105.48	-51.211	1.454	0	0	2.8	5.11	1.6	-1	0	0	-6.59	333.15	
43	8649.30	11.362	1.7	3.7	36.76	-50.81	-0.334	0	0	1.38	2.38	1.05	-1	0	0	-6.58	47.70	
44	8755.85	18.513	1.3	4.35	67.33	-51.788	-0.209	0	0	1.18	3.03	0.85	-1	0	0	-12.55	154.25	
45	8952.35	41.044	3.95	6.55	290.33	-50.259	-2.723	0	0	2.69	8.35	2.6	-1	0	0	-12.19	350.75	
46	9731.00	23.734	1.55	4.4	84.83	-53.166	-0.284	0	0	1.08	3.25	1.1	-1	0	0	-17.54	515.00	
47	9937.35	9.223	2.55	2	25	-50.459	-0.51	0	0	2.45	0.51	0.4	-1	0	0	-3.01	106.95	
48	10120.70	8.212	1.9	2.15	20.39	-52.715	-0.201	0	0	1.79	1.75	0.8	-1	0	0	-3.66	290.30	
49	11381.15	14.77	3.85	5.25	89.03	-50.81	2.072	0	0	3.75	5.47	3.25	-1	0	0	-3.15	321.95	
50	11421.40	29.231	3.85	4.8	163.73	-52.815	0.376	0	0	3.38	5.56	2.75	-1	0	0	-6.92	362.20	
51	11792.95	36.449	2.4	5.7	198.04	-53.751	-1.562	0	0	1.9	5.89	1.85	-1	0	0	-15.36	119.35	
52	11820.75	56.85	1.9	6.3	306.21	-53.417	-0.593	0	0	1.4	5.49	1.35	-1	0	0	-32.47	147.15	
53	12004.50	9.465	2.85	1.6	23.19	-53.868	1.479	0	0	2.77	0.27	0.15	-1	0	0	-2.74	330.90	
54	12228.80	19.348	2.6	6.35	109.66	-51.98	0.05	0	0	2.45	5.24	1.35	-1	0	0	-6.33	555.20	
55	12442.80	16.901	2.6	2.8	60.7	-55.129	-0.426	0	0	2.42	4	1.85	-1	0	0	-5.59	154.80	
56	12592.75	30.142	2.8	5.65	155.05	-51.963	-0.317	0	0	2.44	5.05	1	-1	0	0	-9.89	304.75	
57	12764.05	23.943	4.75	5.1	132.25	-52.899	0.459	0	0	4.14	5.79	1.4	-1	0	0	-4.63	476.05	
58	13033.60	31.428	3.6	4.95	168.43	-51.562	-0.518	0	0	3.08	5.62	2.6	-1	0	0	-8.16	131.20	
59	13422.05	10.51	2.15	0.7	16.59	-50.894	1.495	0	0	2.03	0.29	0.15	-1	0	0	-4.15	519.65	
60	13483.25	26.892	2.05	5.4	131.44	-50.944	-3.525	0	0	1.74	4.89	1.25	-1	0	0	-12.39	580.85	
61	13670.45	12.03	4.15	2.5	49.78	-50.618	0.986	0	0	3.59	0.92	0.55	-1	0	0	-2.68	153.65	
62	13872.75	26.124	1.8	5.15	120.54	-51.537	2.398	0	0	1.4	4.87	1.1	-1	0	0	-14.94	355.95	
63	14162.60	19.248	2.05	3.9	78.72	-49.507	-3.108	0	0	1.87	5.38	1.75	-1	0	0	-8.25	31.40	
64	14368.90	19.908	3.7	4.8	107.73	-50.526	0.66	0	0	3.55	4.41	3.05	-1	0	0	-4.48	237.70	
65	14668.30	23.96	5.45	7	208.28	-48.254	-2.715	0	0	5.33	8.62	4.05	-1	0	0	-3.6	537.10	
66	14647.00	25.597	2.05	4	104.48	-52.005	-2.715	0	0	1.91	4.32	1.45	-1	0	0	-10.72	515.80	
67	14919.10	45.639	3.2	7.6	334.6	-52.974	-3.601	0	0	2.61	7.67	2.5	-1	0	0	-13.98	173.50	
68	14956.55	17.569	2.5	3.1	59.74	-50.994	2.373	0	0	2.36	3.19	1.35	-1	0	0	-5.97	210.95	
69	15172.70	10.292	2.45	1.75	27.14	-52.205	0.192	0	0	2.39	0.69	0.15	-1	0	0	-3.44	427.10	
70	15379.85	34.018	2.25	5	163.11	-52.072	2.364	0	0	1.88	5.15	1.45	-1	0	0	-14.48	19.85	
71	16019.15	36.048	1.9	6.9	218.47	-51.203	-1.863	0	0	1.44	6.85	1.3	-1	0	0	-19.96	44.75	
72	16809.50	17.778	2.55	3.65	76.44	-50.727	-0.627	0	0	2.33	4.51	2.1	-1	0	0	-6.1	220.70	
73	16945.75	11.128	1.75	1.35	18.68	-51.838	-2.364	0	0	1.61	0.54	0.2	-1	0	0	-5.54	356.95	
74	17027.50	10.393	1.7	2	21.75	-53.032	0.476	0	0	1.5	1.09	0.65	-1	0	0	-5.53	438.70	
75	17108.00	43.517	2.85	11.9	635.86	-50.284	3.225	0	0	2.15	12.69	2	-1	0	0	-16.19	519.20	
76	17110.50	69.014	2.2	5.7	389.76	-58.045	3.225	0	0	2.01	6.52	1.5	-1	0	0	-27.43	521.70	
77	17364.05	32.473	1.35	3.15	100.66	-51.228	2.114	0	0	0.97	3.06	1.15	-1	0	0	-26.67	160.85	
78	17433.05	15.764	2.1	7.3	89.42	-52.172	-0.359	0	0	1.68	4.75	0.65	-1	0	0	-7.5	229.85	
79	17724.55	28.137	2	6.6	155.99	-50.518	-0.075	0	0	1.86	4.2	1.4	-1	0	0	-12.1	521.35	
80	17905.65	12.197	1.35	2.25	26.63	-54.235	-0.752	0	0	1.25	0.49	0.4	-1	0	0	-7.84	88.05	
81	18582.75	11.378	0.95	3.8	34.58	-53.609	-1.913	0	0	0.87	2.27	0.35	-1	0	0	-10.47	150.75	
82	18672.10	11.069	4.55	1.8	46.95	-50.743	-1.813	0	0	4.23	3.59	3.45	-1	0	0	-2.09	240.10	
83	18917.70	13.91	1.1	3.7	38.95	-52.13	0.936	0	0	1	0.98	0.8	-1	0	0	-11.16	485.70	
84	19067.45	24.127	3.4	5.2	126.33	-51.094	-0.434	0	0	2.71	4.75	2.1	-1	0	0	-7.12	21.05	
85	19401.65	26.207	4.2	7	189.92	-51.52	3.133	0	0	3.82	7.82	3.15	-1	0	0	-5.49	355.25	
86	19432.15	54.553	2.6	8.3	405.8	-52.088	1.462	0	0	1.98	8.3	1.65	-1	0	0	-22.01	385.75	
87	19471.55	19.774	1.65	4.85	88.21	-53.433	2.531	0	0	1.43	4.95	1.15	-1	0	0	-11.05	425.15	
88	20351.95	31.454	2.55	5.85	170.66	-52.113	-2.364	0	0	2.09	6.14	1.55	-1	0	0	-12.03	76.75	
89	20437.00	36.458	2.3	5.85	202.02	-51.896	-0.234	0	0	1.17	5.2	2	-1	0	0	-24.89	161.80	
90	20840.00	10.76	2.4	4.35	43.95	-52.548	-1.454	0	0	2.03	1.45	0.8	-1	0	0	-4.25	564.80	
91	20865.45	17.218	2.45	3.8	70.07	-51.161	1.119	0	0	1.98	4.3	1.9	-1	0	0	-6.97	590.25	
92	21021.50	10.877	2.05	1.85	29.39	-50.484	2.632	0	0	1.92	2.72	1.7	-1	0	0	-4.54	131.90	
93	21074.50	37.535	2.85	5.4	210.07	-51.612	-2.673	0	0	2.46	6.28	2.25	-1	0	0	-12.22	184.90	
94	21775.05	22.072	2.75	4.85	108.49	-52.23	-0.911	0	0	2.6	6.33	2.15	-1	0	0	-6.78	271.05	
95	22209.05	13.968	2.35	3.05	43.15	-49.624	-1.587	0	0	2.22	1.77	0.4	-1	0	0	-5.04	90.65	
96	22392.20	17.477	3.4	4.4	81.08	-52.615	1.078	0	0	3.2	4.06	2	-1	0	0	-4.38	273.80	
97	22437.75	10.769	4.45	2	42.46	-52.456	-2.364	0	0	4.34	1.05	0.7	-1	0	0	-1.98	319.35	
98	22645.30	12.089	1.05	4.4	41.21	-50.459	1.88	0	0	0.94	0.91	0.45	-1	0	0	-10.33	526.90	
99	22924.30	17.385	2	3.4	63	-51.311	-1.671	0	0	1.64	4.02	1.15	-1	0	0	-8.5	191.50	
100	23022.40	9.432	1	1.45	14.05	-52.623	0.451	0	0	0.92	0.54	0.15	-1	0	0	-8.19	289.60	
101	23348.95	26.951	3.65	10.5	276.89	-51.061	-2.055	0	0	3.18	11.04	2.55	-1	0	0	-6.78	334.55	
102	23353.50	19.123	1.35	2.75	55.9	-62.573	-2.055	0	0	1.23	3.55	1.15	-1	0	0	-12.41	339.10	
103	23503.50	13.083	1.85	2.6	36.98	-51.854	0.927	0	0	1.74	2.39	1.35	-1	0	0	-6.02	489.10	
104	23866.55	25.697	2.15	4	92.59	-52.899	-1.337	0	0	1.66	3.7	1.5	-1	0	0	-12.36	237.75	
105	24316.70	23.576	2.95	3.45	99.83	-53.333	-1.412	0	0	2.58	4.32	2.25	-1	0	0	-7.32	73.50	
106	24545.00	19.783	3.4	4.8	108.26	-49.298	-0.526	0	0	3.06	4.73	2.75	-1	0	0	-5.18	301.80	
107	25068.30	30.083	2	4.95	137.48	-52.03	-0.894	0	0	1.68	5.42	1.4	-1	0	0	-14.33	210.70	
108	25165.65	15.363	2.1	3.75	57.85	-53.968	-0.301	0	0	1.88	3.6	0.75	-1	0	0	-6.55	308.05	
109	25383.00	33.392	1.9	5.95	179.35	-54.703	0.267	0	0	1.66	6.11	1.4	-1	0	0	-16.06	525.40	
110	25645.60	21.662	2.3	3.5	79.19	-53.199	-1.061	0	0	1.97	4.52	1.75	-1	0	0	-8.82	173.60	
111	25844.55	15.497	2.2	5.65	74.71	-51.078	0.167	0	0	2.04	4.35	1.35	-1	0	0	-6.07	372.55	
112	26495.10	45.514	2.45	6.05	262.8	-52.915	0.819	0	0	2.17	6.12	1.75	-1	0	0	-16.77	408.70	
113	26581.30	30.652	1.35	5.3	144.27	-51.078	0.451	0	0	0.88	5.55	1.15	-1	0	0	-27.99	494.90	
114	26739.40	9.382	0.9	4.95	38.49	-51.696	-0.744	0	0	0.78	0.56	0.45	-1	0	0	-9.67	38.60	
115	27087.20	20.025	2.85	5.5	101.79	-53.717	1.629	0	0	2.75	4.51	1.9	-1	0	0	-5.83	386.40	
116	27666.80	15.43	2.15	3.15	52.92	-51.612	-2.849	0	0	1.97	3.92	1.6	-1	0	0	-6.27	351.60	
117	27688.20	28.045	1.35	4.55	105.72	-51.871	4.336	0	0	0.93	4.04	0.9	-1	0	0	-24	373.00	
118	27700.60	13.617	2.7	3.2	51.46	-52.356	4.336	0	0	1.72	3.33	1.25	-1	0	0	-6.32	385.40	
119	27851.65	18.839	3.35	5.05	91.53	-50.326	-1.679	0	0	2.43	4.87	2	-1	0	0	-6.2	536.45	
120	27903.05	17.744	1.55	4.6	63.22	-52.247	4.286	0	0	1.29	3.01	1.15	-1	0	0	-11.04	587.85	
121	28145.00	28.847	3.25	6.3	179.91	-50.693	-1.228	0	0	2.86	6.98	2.2	-1	0	0	-8.06	215.40	
122	28238.70	28.246	1.5	4.95	116.58	-53.083	-0.317	0	0	1.3	3.81	0.9	-1	0	0	-17.45	309.10	
123	28696.95	20.576	1.6	4.85	90.09	-52.523	1.754	0	0	1.39	4.69	1.2	-1	0	0	-11.84	152.95	
124	28627.25	10.618	1.2	4.2	32.9	-51.345	-1.128	0	0	1.14	0.31	0.15	-1	0	0	-7.43	83.25	
125	28875.80	29.515	2.75	6.3	162.84	-50.284	-0.217	0	0	1.88	5.69	1.4	-1	0	0	-12.55	331.80	
126	29139.60	24.102	2.65	5.15	120.01	-52.798	-0.1	0	0	2.5	5.46	1.7	-1	0	0	-7.72	595.60	
127	29585.90	17.109	0.85	2.65	39.63	-52.556	0.459	0	0	0.61	2.13	0.55	-1	0	0	-22.47	427.50	
128	29730.05	9.549	4.55	0.65	30.61	-51.779	-1.437	0	0	4.05	1.71	1.35	-1	0	0	-1.89	571.65	
129	30127.25	20.794	2.65	4.25	89.68	-51.336	0.877	0	0	2.33	4.95	1.7	-1	0	0	-7.13	354.45	
130	30268.25	19.064	2.25	4.95	89.98	-49.106	0.894	0	0	1.72	5.28	1.6	-1	0	0	-8.86	495.45	
131	30539.65	31.512	2.65	5.95	179.81	-49.098	-0.952	0	0	2.21	6.05	2.05	-1	0	0	-11.4	152.45	
132	30965.75	21.629	2.9	3.45	81.23	-50.484	-0.685	0	0	2.53	3.38	2	-1	0	0	-6.83	578.55	
133	31156.00	10.443	3.45	0.2	21.74	-53.91	-1.479	0	0	3.37	0.33	0.2	-1	0	0	-2.48	154.40	
134	31563.90	12.64	1.85	4.45	52.48	-50.819	-1.044	0	0	1.74	3.98	1.1	-1	0	0	-5.82	562.30	
135	31649.05	14.294	1.5	4.45	62.7	-49.983	-0.977	0	0	1.4	5.27	0.9	-1	0	0	-8.16	33.05	
136	32128.20	23.642	2.25	5.75	123.39	-50.384	-0.61	0	0	1.85	5.64	1.5	-1	0	0	-10.21	512.20	
137	32589.55	22.932	3.05	5.15	122.15	-51.353	-1.019	0	0	2.62	6.82	2.25	-1	0	0	-6.99	359.15	
138	32687.35	13.609	3.05	1.35	33.3	-51.412	-1.587	0	0	2.77	0.97	0.25	-1	0	0	-3.94	456.95	
139	32710.55	32.489	2.25	4.4	158.24	-53.35	1.546	0	0	1.69	5.32	1.85	-1	0	0	-15.35	480.15	
140	32732.90	16.124	1.6	3.2	47.28	-52.84	2.423	0	0	1.46	2.46	1.05	-1	0	0	-8.81	502.50	
141	33277.60	19.156	2.4	4.6	92.5	-49.181	-1.228	0	0	2.27	4.95	1.8	-1	0	0	-6.74	432.80	
142	33538.75	16.984	2.8	5.45	93.22	-51.295	1.395	0	0	2.63	6	1.75	-1	0	0	-5.17	79.55	
143	33922.95	22.155	2	5.3	105.58	-50.593	0.961	0	0	1.84	4.59	1.45	-1	0	0	-9.61	463.75	
144	34308.10	8.872	3.8	0.35	22.07	-50.401	-1.562	0	0	3.69	0.25	0.15	-1	0	0	-1.92	234.50	
145	34530.80	35.839	2.8	6.25	207.6	-49.624	1.479	0	0	2.33	5.57	2	-1	0	0	-12.31	457.20	
146	34987.65	18.797	1.2	4.8	68.33	-50.159	-0.134	0	0	1.07	3.14	0.8	-1	0	0	-14.04	299.65	
147	35274.80	27.251	1.85	4.75	126.21	-50.008	0.05	0	0	1.62	5.43	1.5	-1	0	0	-13.44	586.80	
148	35413.90	23.116	2.8	4.6	113.37	-48.078	-0.886	0	0	2.3	5.43	2	-1	0	0	-8.05	111.50	
149	35446.70	30.618	3.35	6.7	210.69	-49.674	1.637	0	0	3.03	7.5	2.25	-1	0	0	-8.08	144.30	
150	35684.70	19.348	1.85	5.15	92.65	-48.73	1.913	0	0	0.99	4.08	1.35	-1	0	0	-15.6	382.30	
151	35820.55	44.077	2.1	6.1	257.64	-49.841	0.71	0	0	1.45	6.86	1.6	-1	0	0	-24.35	518.15	
152	35952.65	17.093	2.7	2.95	62.62	-49.148	-0.652	0	0	2.56	3.73	2.3	-1	0	0	-5.35	35.85	
153	36132.15	12.498	3	6	72.12	-47.869	1.938	0	0	2.47	4.66	1.75	-1	0	0	-4.04	215.35	
154	36448.55	29.791	1.3	5.75	131.27	-48.705	-0.685	0	0	1.18	3.56	1	-1	0	0	-20.12	531.75	
155	36504.95	18.463	0.75	5.05	74.12	-51.32	-0.434	0	0	0.62	4.25	0.45	-1	0	0	-23.89	588.15	
156	36586.95	16.867	3.35	3.2	69.68	-51.621	-2.389	0	0	3.18	3.13	2.5	-1	0	0	-4.25	55.75	
157	37225.75	37.443	2.1	4.7	160.38	-47.844	1.153	0	0	1.3	5.06	1.4	-1	0	0	-23.11	80.15	
158	37405.45	9.858	2.35	3.25	32.61	-49.499	-0.192	0	0	1.26	2	1.25	-1	0	0	-6.25	259.85	
159	37981.05	19.323	4.6	7.2	148.34	-49.064	0.752	0	0	4.34	7.26	3.55	-1	0	0	-3.56	221.05	
160	38182.80	26.132	4.1	4.25	156.18	-49.407	0.117	0	0	3.97	6.02	3.55	-1	0	0	-5.26	422.80	
161	38993.90	21.946	3.5	5	120.35	-49.59	-4.035	0	0	3.39	5.55	2	-1	0	0	-5.18	5.10	
162	39182.70	32.581	3.95	5.7	224.66	-47.769	-0.902	0	0	3.74	7.71	3.5	-1	0	0	-6.97	193.90	
163	39555.15	15.748	2.95	2.6	50.34	-49.123	2.139	0	0	2.84	1.69	0.85	-1	0	0	-4.43	566.35	
164	39752.60	25.363	2.1	5.35	124.33	-48.722	1.345	0	0	1.6	5.04	1.65	-1	0	0	-12.68	149.40	
165	40122.55	28.246	2.85	5	146.11	-49.49	1.871	0	0	2.59	5.4	2.15	-1	0	0	-8.72	519.35	
166	40455.60	9.206	2.1	1.85	24.1	-49.799	0.15	0	0	1.98	2.72	1.2	-1	0	0	-3.72	238.00	
167	40703.20	16.316	2.3	3.25	55.04	-50.334	0.1	0	0	2.05	3.89	1.2	-1	0	0	-6.37	485.60	
168	40971.30	17.661	4.7	4.9	102.05	-49.766	0.886	0	0	4.56	4.69	3.1	-1	0	0	-3.1	139.30	
169	41440.55	27.953	2.4	5.35	146.31	-49.49	-0.902	0	0	2.21	5.98	1.75	-1	0	0	-10.11	608.55	
170	42342.50	18.847	2	4	77.36	-47.076	-1.345	0	0	1.76	3.93	1.5	-1	0	0	-8.58	294.50	
171	42702.70	20.493	2.2	6.3	119.58	-48.563	-0.075	0	0	1.61	5.77	1.35	-1	0	0	-10.2	40.30	
172	42801.35	14.954	2.3	4.55	66.24	-48.747	0.008	0	0	2.07	4.8	1.6	-1	0	0	-5.77	138.95	
173	43586.85	11.412	0.65	2.2	18.94	-48.237	0.485	0	0	0.54	0.3	0.2	-1	0	0	-16.93	310.05	
174	43772.85	17.46	2.2	5.95	93.76	-50.877	-3.166	0	0	1.72	4.46	1.25	-1	0	0	-8.11	496.05	
175	44093.30	23.283	1.65	3.9	79.67	-49.432	-0.977	0	0	1.49	3.7	1.3	-1	0	0	-12.47	202.10	
176	44274.55	52.773	2.95	5.55	300.33	-50.15	-1.353	0	0	2.09	6.28	1.95	-1	0	0	-20.2	383.35	
177	45254.25	43.108	2.35	5.2	226.1	-50.125	-0.911	0	0	1.48	5.93	1.8	-1	0	0	-23.24	134.25	
178	46020.40	20.526	1.8	3.85	76.66	-48.003	1.019	0	0	1.62	3.41	1.4	-1	0	0	-10.15	286.00	
179	46620.80	30.108	3.4	4.75	172.45	-50.108	0.677	0	0	3.24	6.3	2.95	-1	0	0	-7.44	272.00	
180	46799.70	23.525	3.1	4.6	110.03	-49.465	0.025	0	0	2.23	5.21	1.8	-1	0	0	-8.44	450.90	
181	47446.90	26.266	3.6	4.65	153.92	-48.73	0.593	0	0	2.89	6.61	2.5	-1	0	0	-7.28	483.70	
182	47510.20	25.422	2	5.95	137.15	-50.651	-1.479	0	0	1.74	6.08	1.25	-1	0	0	-11.66	547.00	
183	47721.05	24.119	2.75	5.1	132.57	-51.687	-0.401	0	0	2.56	5.46	2.25	-1	0	0	-7.53	143.45	
184	47802.05	29.423	3.4	6.15	182.71	-49.206	0.301	0	0	3.21	6.75	2.45	-1	0	0	-7.33	224.45	
185	48180.55	19.841	2.25	5.1	90.99	-50.777	2.548	0	0	1.63	5.57	1.2	-1	0	0	-9.75	602.95	
186	48525.75	53.517	1.45	6.15	277.34	-51.378	1.312	0	0	1.17	5.72	1.05	-1	0	0	-36.53	333.75	
187	48546.15	33.684	3.55	6.3	222.37	-51.729	1.312	0	0	3.28	7.4	2.7	-1	0	0	-8.21	354.15	
188	48658.85	14.052	1.15	5.7	61.72	-52.255	3.292	0	0	1	0.48	0.15	-1	0	0	-11.2	466.85	
189	48667.55	15.564	2.65	3.7	65.42	-54.336	3.292	0	0	2.32	3.09	1.15	-1	0	0	-5.37	475.55	
190	48865.30	28.17	2.4	3.35	103.78	-52.665	2.256	0	0	1.75	4.25	1.65	-1	0	0	-12.91	58.90	
191	49307.55	21.629	1.45	3.8	72.23	-51.704	-0.359	0	0	1.27	2.79	0.9	-1	0	0	-13.6	501.15	
192	49429.20	37.285	2.7	6.2	220.67	-49.641	2.715	0	0	1.37	6.86	1.7	-1	0	0	-21.81	8.40	
193	49785.75	51.161	2.4	6.2	311.02	-52.356	-1.955	0	0	1.03	6.53	2.05	-1	0	0	-39.72	364.95	
194	50332.70	16.725	3.65	3.3	79.29	-51.211	-0.084	0	0	3.32	5.43	2.65	-1	0	0	-4.02	297.50	
195	50425.55	14.102	3.85	1.1	39.89	-50.894	-0.71	0	0	3.56	0.29	0.15	-1	0	0	-3.17	390.35	
196	50783.10	21.328	2.25	5.15	98.02	-50.693	-1.662	0	0	2.11	4.55	1.65	-1	0	0	-8.1	133.50	
197	51028.15	16.107	1.15	11.85	174.27	-52.18	1.245	0	0	1.04	4.24	0.85	-1	0	0	-12.36	378.55	
198	51035.90	18.062	4	2.4	81.16	-55.756	1.245	0	0	3.39	4.77	2.8	-1	0	0	-4.26	386.30	
199	51251.25	22.807	3.15	4.45	112.41	-51.211	-2.74	0	0	3.01	6.12	2.8	-1	0	0	-6.06	601.65	
200	51401.15	19.19	1.3	5.55	86.33	-49.891	-0.042	0	0	1.09	5	0.85	-1	0	0	-14.04	137.15	
201	51682.65	15.079	4.5	1.95	64.14	-53.45	1.621	0	0	4.37	4.69	3.4	-1	0	0	-2.76	418.65	
202	52116.10	13.041	2.65	3.35	50.29	-50.083	-0.343	0	0	2.55	4.28	2.1	-1	0	0	-4.08	237.70	
203	52560.20	18.028	1.95	3.95	69.05	-49.582	2.431	0	0	1.44	3.91	1.3	-1	0	0	-9.99	67.40	
204	52574.15	16.408	4.2	2.1	67.23	-50.367	2.431	0	0	4.08	0.88	0.7	-1	0	0	-3.22	81.35	
205	52673.10	22.122	2.75	4.25	105.52	-51.253	-0.267	0	0	2.63	5.78	2.2	-1	0	0	-6.74	180.30	
206	53378.05	41.997	3.3	6.15	272.5	-49.774	-0.86	0	0	3.08	7.53	2.4	-1	0	0	-10.92	270.85	
207	53423.95	21.078	0.9	3.6	54.18	-50.693	-0.526	0	0	0.67	1.8	0.4	-1	0	0	-25.08	316.75	
208	53639.60	11.855	2	3.55	44.56	-51.044	-1.596	0	0	1.89	2.76	1.15	-1	0	0	-5.03	532.40	
209	53874.35	12.506	2.1	2.25	32.01	-52.456	1.805	0	0	1.97	2.73	1.1	-1	0	0	-5.09	152.75	
210	54121.20	10.794	1.3	2.65	24.6	-52.205	-0.71	0	0	1.18	1.46	0.8	-1	0	0	-7.31	399.60	
211	54659.65	38.396	3.25	6.4	256.35	-53.108	-0.852	0	0	2.92	6.93	2.65	-1	0	0	-10.52	323.65	
212	54839.00	20.125	1.85	4.25	84.71	-53.057	0.602	0	0	1.69	4.48	1.45	-1	0	0	-9.54	503.00	
213	54945.80	14.453	2.45	2.45	42.6	-51.771	-1.353	0	0	1.99	2.98	1.4	-1	0	0	-5.82	609.80	
214	54956.85	12.373	2.15	1.5	27.28	-52.715	-0.1	0	0	1.74	2.14	0.75	-1	0	0	-5.67	6.45	
215	55484.60	13.425	2.75	3.6	50.26	-50.585	0.175	0	0	2.6	1.68	0.85	-1	0	0	-4.14	534.20	
216	57069.15	23.509	2.8	5.1	116.92	-50.71	0.292	0	0	2.5	5.74	1.75	-1	0	0	-7.52	275.55	
217	57082.35	14.912	4.3	3.9	77.04	-51.22	0.292	0	0	4.19	4.03	2.9	-1	0	0	-2.85	288.75	
218	57366.65	13.049	2.85	2.5	44.92	-49.632	0.443	0	0	2.75	2.16	1.25	-1	0	0	-3.8	573.05	
219	57426.00	23.801	2.25	5.35	119.13	-48.555	-1.111	0	0	1.87	5.69	1.6	-1	0	0	-10.16	18.00	
220	58234.85	16.215	1.5	2	33.2	-48.613	-0.201	0	0	1.37	1.97	0.4	-1	0	0	-9.5	212.45	
221	58402.85	8.513	2.2	3.3	30.9	-49.189	-0.326	0	0	2.09	2.66	1	-1	0	0	-3.26	380.45	
222	58451.40	17.485	3	4.8	88.04	-49.181	0.852	0	0	2.05	4.79	1.55	-1	0	0	-6.84	429.00	
223	58917.05	12.448	4.7	1.35	50.85	-49.632	0.159	0	0	4.53	1.24	0.4	-1	0	0	-2.2	280.25	
224	59150.45	20.86	2.35	4.2	90.11	-49.791	0.643	0	0	2.09	2.9	1.8	-1	0	0	-7.99	513.65	
225	59213.55	11.504	1.85	3.35	38.01	-50.852	2.022	0	0	1.78	1.65	0.15	-1	0	0	-5.17	576.75	
226	59461.35	14.244	2.45	4	55.29	-50.977	0.317	0	0	2.25	2.65	2.05	-1	0	0	-5.07	210.15	
227	59578.90	31.387	1.7	5.5	160.91	-50.81	-0.1	0	0	1.47	5.48	1.15	-1	0	0	-17.07	327.70	
228	59777.75	17.861	4.1	6.05	114.68	-49.824	-0.518	0	0	3.77	6.7	2.75	-1	0	0	-3.79	526.55	
229	59888.95	15.079	1.8	4.3	54.69	-50.334	4.211	0	0	1.67	3.46	1.1	-1	0	0	-7.2	23.35	
230	60394.00	38.672	2.45	5.9	221.23	-50.108	1.019	0	0	2.27	6.01	1.85	-1	0	0	-13.65	528.40	
231	60705.15	25.739	4.35	6.3	178.58	-49.006	-1.345	0	0	4.17	7.07	2.9	-1	0	0	-4.93	225.15	
232	60771.95	12.214	3.7	3.8	55.34	-49.582	3.2	0	0	3.58	3.5	2.35	-1	0	0	-2.73	291.95	
233	61092.30	12.373	3.6	3.4	56.57	-50.075	-1.479	0	0	3.49	3.33	3.15	-1	0	0	-2.84	612.30	
234	61654.85	7.602	2.85	1.4	20.05	-49.098	2.063	0	0	2.32	0.65	0.55	-1	0	0	-2.62	560.45	
235	61966.00	21.504	3.8	5.5	127.36	-49.95	1.972	0	0	3.51	5.43	2.6	-1	0	0	-4.9	257.20	
236	62287.10	21.813	3.7	7.45	153.03	-50.367	-0.794	0	0	3.39	5.85	2.65	-1	0	0	-5.15	578.30	
237	62553.60	9.975	1.95	0.9	15.57	-49.875	-0.267	0	0	1.83	0.26	0.15	-1	0	0	-4.37	230.40	
238	62752.45	8.321	2.65	0.4	15.4	-51.504	-0.894	0	0	2.55	1.17	0.85	-1	0	0	-2.61	429.25	
239	63358.10	9.014	3.05	1.9	26.25	-51.412	-0.418	0	0	2.96	0.77	0.65	-1	0	0	-2.44	420.50	
240	63028.15	14.194	2.8	3.9	48.77	-49.323	-0.267	0	0	1.87	2.32	1.1	-1	0	0	-6.06	90.55	
241	63436.10	28.638	1.9	5.35	135.08	-48.847	2.882	0	0	1.5	5.25	1.45	-1	0	0	-15.23	498.50	
242	63977.55	26.182	1.55	5.1	115.03	-51.545	-1.119	0	0	1.39	4.88	0.95	-1	0	0	-15.1	425.55	
243	64248.90	36.892	2.65	5.65	204.94	-50.301	-0.568	0	0	2.4	5.84	1.95	-1	0	0	-12.32	82.50	
244	64811.30	26.14	3.4	6.65	162.51	-51.111	1.094	0	0	2.99	6.48	2.1	-1	0	0	-6.99	30.50	
245	64974.40	17.861	1.6	4.75	77.82	-49.916	0.125	0	0	1.24	3.78	1.35	-1	0	0	-11.51	193.60	
246	65561.30	50.509	3	5.75	304.87	-50.317	-2.13	0	0	2.64	6.7	2.4	-1	0	0	-15.29	166.10	
247	65954.10	37.452	2.25	2.85	133.23	-50.869	-1.662	0	0	2.01	4.2	1.7	-1	0	0	-14.89	558.90	
248	66021.35	31.286	3.1	5.75	189.12	-50.484	2.74	0	0	2.85	6.21	2.35	-1	0	0	-8.78	11.75	
249	66206.80	38.605	2.2	6.5	224.45	-49.707	-0.042	0	0	1.93	5.97	1.85	-1	0	0	-16.03	197.20	
250	66708.45	35.188	2.95	6	210.2	-50.301	-0.785	0	0	2.68	5.95	2.25	-1	0	0	-10.51	84.45	
251	67368.75	16.282	2.85	3	67.83	-51.328	-2.239	0	0	2.72	5.06	2.15	-1	0	0	-4.78	130.35	
252	67847.30	24.327	4.75	3.35	107.13	-53.492	0.251	0	0	2.35	4.68	1.95	-1	0	0	-8.29	608.90	
253	68478.10	12.139	0.95	3.1	36.79	-66.591	-1.42	0	0	0.85	2.63	0.2	-1	0	0	-11.42	10.90	
254	68478.80	17.084	1.9	2.4	46.12	-64.369	1.646	0	0	1.56	2.6	0.9	-1	0	0	-8.74	11.60	
255	68689.70	12.13	4	1.35	37.78	-52.197	-2.782	0	0	3.91	0.33	0.15	-1	0	0	-2.48	222.50	
256	69277.60	24.311	1.95	5.25	116.71	-49.524	0.109	0	0	1.82	4.77	1.2	-1	0	0	-10.67	196.00	
257	69364.00	35.931	0.9	5.25	157.17	-49.515	-0.426	0	0	0.68	4.88	0.65	-1	0	0	-42	282.40	
258	69976.25	29.992	3.35	8.95	255.52	-46.583	-0.911	0	0	2.92	9.03	2.05	-1	0	0	-8.22	280.25	
259	70476.20	28.747	3.05	3.85	134.87	-47.761	2.548	0	0	2.75	4.56	2.4	-1	0	0	-8.35	165.80	
260	70576.00	16.015	4.25	2.15	60.59	-49.382	2.456	0	0	4.08	2.42	0.4	-1	0	0	-3.14	265.60	
261	71336.00	26.658	3.6	12.55	294.76	-47.56	2.122	0	0	2.88	12.17	1.85	-1	0	0	-7.4	411.20	
262	71342.90	16.257	1.4	2.9	49.53	-57.92	2.122	0	0	1.26	2.97	0.85	-1	0	0	-10.36	418.10	
263	71583.00	18.379	1.5	3.45	59.05	-48.262	0.184	0	0	1.12	3.87	0.8	-1	0	0	-13.14	43.80	
264	72489.60	20.668	3.4	5	110.5	-46.817	-0.977	0	0	3.12	5.46	2.15	-1	0	0	-5.3	336.00	
265	73161.75	13.801	2.6	6.05	75.95	-46.382	0.936	0	0	2.49	4.93	1.95	-1	0	0	-4.44	393.75	
266	73229.15	20.652	3.25	3.2	77.46	-47.427	-0.217	0	0	3.02	3.48	2.15	-1	0	0	-5.47	461.15	
267	73955.30	26.424	1.35	5.3	121.35	-48.254	-1.462	0	0	1.08	6.07	0.95	-1	0	0	-19.6	572.90	
268	74200.10	18.337	2.6	5.85	97.51	-48.337	-2.682	0	0	2.5	4.97	1.15	-1	0	0	-5.87	203.30	
269	74280.70	11.721	1.75	3.15	35.63	-48.488	-0.259	0	0	1.59	3.52	1.15	-1	0	0	-5.9	283.90	
270	74462.25	30.409	3.45	5.95	183.02	-46.274	0.309	0	0	2.49	6.86	2.4	-1	0	0	-9.78	465.45	
271	74527.45	32.013	2.5	7.65	218.59	-48.362	0.159	0	0	2.2	7.11	2.05	-1	0	0	-11.62	530.65	
272	74696.95	9.056	2.2	0.25	13.59	-48.321	-1.445	0	0	2.1	0.33	0.2	-1	0	0	-3.45	85.75	
273	74979.70	21.562	2.65	4.1	85.38	-47.552	-0.994	0	0	2.36	4.53	1.75	-1	0	0	-7.31	368.50	
274	75201.90	14.662	1.75	3.1	47.56	-47.042	-0.886	0	0	1.54	2.25	1	-1	0	0	-7.62	590.70	
275	75576.05	19.657	2.75	5	98.7	-47.535	0.459	0	0	2.51	3.33	1.8	-1	0	0	-6.27	350.45	
276	75922.55	12.865	2	4.9	64.87	-47.393	-0.326	0	0	1.78	4.53	1.5	-1	0	0	-5.8	82.55	
277	75946.15	17.945	2.6	8.2	127.88	-47.352	-0.242	0	0	2.26	4.82	1.2	-1	0	0	-6.34	106.15	
278	76439.20	10.886	4.55	2	43.34	-48.354	-0.209	0	0	4.35	3.66	3.05	-1	0	0	-2	599.20	
279	76805.50	13.141	3.8	3	56.33	-46.533	0.677	0	0	3.32	3.34	2.75	-1	0	0	-3.16	351.10	
280	76942.70	20.794	2.35	4.05	91.9	-48.621	-0.493	0	0	2.16	4.65	2.05	-1	0	0	-7.7	488.30	
281	77127.45	12.398	3	0.45	24.07	-47.786	0.251	0	0	2.76	0.59	0.2	-1	0	0	-3.6	58.65	
282	77161.25	11.044	1.05	1.35	18.15	-48.095	2.214	0	0	0.91	2.19	0.95	-1	0	0	-9.76	92.45	
283	77459.60	17.903	4.65	3.8	91.33	-46.85	0.201	0	0	4.22	5.78	3.5	-1	0	0	-3.39	390.80	
284	77318.15	8.028	4.6	0.85	27.4	-51.587	-0.501	0	0	4.52	0.55	0.45	-1	0	0	-1.42	249.35	
285	78083.65	24.553	2.15	5.85	127	-49.331	1.387	0	0	1.99	5.08	1.2	-1	0	0	-9.89	400.45	
286	78169.35	10.434	2.8	0.65	21.84	-47.677	-0.76	0	0	2.62	0.74	0.6	-1	0	0	-3.19	486.15	
287	78307.60	17.185	2.8	5.25	80.66	-46.959	0.084	0	0	2.65	3.41	1.65	-1	0	0	-5.19	10.00	
288	78595.05	8.546	2.1	3.7	30.12	-48.814	-0.501	0	0	1.99	1.46	0.15	-1	0	0	-3.44	297.45	
289	78760.80	18.087	3.2	6.4	104.98	-47.978	0.434	0	0	2.65	4.96	1.7	-1	0	0	-5.45	463.20	
290	78864.90	14.277	1.9	3.1	44.44	-47.126	0.485	0	0	1.8	2.35	1.75	-1	0	0	-6.36	567.30	
291	78901.35	14.336	1.6	3.7	51.24	-48.58	0.802	0	0	1.25	4.52	0.95	-1	0	0	-9.21	603.75	
292	79088.45	15.071	3.8	4.15	76.5	-46.583	1.345	0	0	3.67	4.28	2.75	-1	0	0	-3.28	176.45	
293	79558.15	27.469	3.35	5.75	171.37	-46.859	-0.326	0	0	2.78	6.87	2.4	-1	0	0	-7.9	31.75	
294	80201.70	19.048	2.25	4.6	81.99	-47.886	-1.662	0	0	2.06	4.66	1.2	-1	0	0	-7.41	60.90	
295	80234.75	21.838	1.85	3.75	79.44	-48.112	1.721	0	0	1.65	3.81	1.15	-1	0	0	-10.6	93.95	
296	80265.70	18.154	2	3.05	51.01	-48.93	2.957	0	0	1.54	2.95	0.95	-1	0	0	-9.4	124.90	
297	80503.65	33.383	1	4.25	114.39	-47.201	0.727	0	0	0.41	3.69	0.7	-1	0	0	-64.66	362.85	
298	80558.20	22.481	1.1	6.15	107.66	-47.101	1.236	0	0	0.92	4.88	0.75	-1	0	0	-19.61	417.40	
299	80724.35	13.784	2.65	5.5	78.39	-47.418	0.025	0	0	2.02	5.96	1.25	-1	0	0	-5.46	583.55	
300	80793.15	14.336	2.95	2.6	55.37	-47.836	1.094	0	0	2.76	4.61	2.15	-1	0	0	-4.15	37.95	
301	80841.60	13.642	1.95	1.95	31.99	-49.273	-1.512	0	0	1.83	1.19	0.5	-1	0	0	-5.95	86.40	
302	80852.40	22.222	2.65	4.5	99.99	-51.52	1.245	0	0	2.48	4.55	1.45	-1	0	0	-7.16	97.20	
303	81157.85	45.89	2.25	6.8	281.16	-48.362	1.245	0	0	2.09	6.04	1.85	-1	0	0	-17.56	402.65	
304	81497.45	14.127	2.75	2.2	43.4	-48.571	-0.535	0	0	2.62	4.18	2.1	-1	0	0	-4.31	127.85	
305	81824.15	8.346	2.9	0.8	18.48	-48.571	2.005	0	0	2.78	0.5	0.15	-1	0	0	-2.4	454.55	
306	82675.30	12.264	2.9	3.35	50.56	-48.788	-0.551	0	0	2.8	3.05	2.15	-1	0	0	-3.5	76.90	
307	82831.15	30.585	2	4.2	128.52	-44.444	-1.88	0	0	1.81	4.71	1.7	-1	0	0	-13.5	232.75	
308	82867.25	29.198	3.85	8.75	264.73	-44.912	0.51	0	0	3.44	9.53	2.9	-1	0	0	-6.8	268.85	
309	83183.15	23.175	2.8	4.5	111.59	-45.305	-1.546	0	0	2.35	5.15	2.05	-1	0	0	-7.9	584.75	
310	83272.50	17.527	2.1	3.75	68.91	-46.107	0.351	0	0	1.99	5.11	1.8	-1	0	0	-7.04	59.70	
311	83352.50	18.772	2.7	6.35	109.63	-45.263	0.451	0	0	2.13	6.24	1.6	-1	0	0	-7.06	139.70	
312	83463.30	23.692	2.65	5.4	129.49	-44.92	-0.459	0	0	2.41	5.85	1.95	-1	0	0	-7.88	250.50	
313	83503.90	11.487	2.55	3.8	44.6	-45.739	-2.256	0	0	2.39	1.98	0.8	-1	0	0	-3.85	291.10	
314	83693.35	12.147	2.3	3.1	37.77	-44.745	1.905	0	0	2.04	2.58	0.95	-1	0	0	-4.76	480.55	
315	83824.95	25.071	2.4	7.45	165.7	-45.622	-1.387	0	0	2.19	7.23	1.45	-1	0	0	-9.18	612.15	
316	83932.85	13.985	2.25	3.5	51.68	-46.249	-0.267	0	0	2.11	3.98	1.3	-1	0	0	-5.31	118.45	
317	84685.35	15.931	3.65	2.65	67.06	-45.037	-0.376	0	0	3.26	4.59	2.95	-1	0	0	-3.91	256.55	
318	84752.90	15.664	1.7	3.45	55.35	-45.48	1.512	0	0	1.14	4.5	1.15	-1	0	0	-10.96	324.10	
319	84440.95	11.83	1.85	4.4	45.99	-45.99	-0.259	0	0	1.76	1.72	0.8	-1	0	0	-5.39	12.15	
320	84983.20	25.555	2.75	5	135.83	-45.171	-0.267	0	0	2.39	5.26	2.15	-1	0	0	-8.56	554.40	
321	85052.90	23.793	1.75	4.45	90	-46.7	0.919	0	0	1.63	3.67	1.2	-1	0	0	-11.69	9.70	
322	85566.75	21.337	3.35	4.95	105.74	-45.539	3.099	0	0	2.58	4.95	1.9	-1	0	0	-6.62	523.55	
323	85649.25	43.684	1.55	14.9	542.53	-46.057	-2.063	0	0	1.35	5.26	1.3	-1	0	0	-25.8	606.05	
324	85657.95	38.362	2.8	4.05	194.97	-57.51	-2.063	0	0	2.38	5.41	2.35	-1	0	0	-12.87	25.95	
325	85742.70	11.529	4.1	3.4	57.93	-45.505	-0.443	0	0	3.73	4.73	3.05	-1	0	0	-2.47	110.70	
326	85978.40	17.026	3.3	7	117.41	-45.33	-0.919	0	0	2.59	6.93	2.25	-1	0	0	-5.25	346.40	
327	86267.35	23.083	3.7	12.05	226.95	-46.274	0.735	0	0	3.07	6.16	2.35	-1	0	0	-6.01	20.95	
328	86273.85	12.297	1.9	1.5	27.87	-53.199	0.735	0	0	1.84	0.78	0.6	-1	0	0	-5.34	27.45	
329	86340.05	16.942	1.6	5.7	79.25	-45.163	-1.688	0	0	1.48	4.43	0.9	-1	0	0	-9.13	93.65	
330	86405.55	12.423	1.5	3.3	35.07	-47.009	-0.334	0	0	1.23	1.48	1.25	-1	0	0	-8.07	159.15	
331	86687.75	16.767	3.3	5.4	88.22	-46.708	-2.155	0	0	2.98	5.83	1.6	-1	0	0	-4.5	441.35	
332	86742.55	12.155	0.85	4.1	39.31	-46.6	-1.153	0	0	0.73	1.66	0.2	-1	0	0	-13.4	496.15	
333	86760.55	16.675	1.9	3.65	54.58	-46.215	1.679	0	0	1.52	2.96	1	-1	0	0	-8.79	514.15	
334	86993.85	25.238	1.95	5.1	115.13	-47.519	1.888	0	0	1.79	5.1	1.5	-1	0	0	-11.27	133.05	
335	87190.60	11.278	1.6	0.45	12.91	-44.503	0.643	0	0	1.21	0.29	0.15	-1	0	0	-7.48	329.80	
336	87827.55	29.073	1.75	5.5	148.01	-46.057	-1.529	0	0	1.41	5.71	1.1	-1	0	0	-16.47	352.35	
337	87845.70	21.746	2.65	4.65	106.86	-44.937	-1.529	0	0	2.54	4.92	1.4	-1	0	0	-6.86	370.50	
338	87855.10	24.11	3.35	4.9	132.41	-48.321	-1.529	0	0	3.03	6.09	2	-1	0	0	-6.36	379.90	
339	88359.95	43.35	2.75	7	289.83	-45.455	-0.033	0	0	2.48	6.79	2.15	-1	0	0	-13.99	270.35	
340	88550.45	12.941	0.95	7.1	76.38	-45.823	0.769	0	0	0.8	5.67	0.4	-1	0	0	-12.99	460.85	
341	88571.85	23.425	2.6	7.4	155.38	-46.424	-1.103	0	0	2.48	6.1	1.75	-1	0	0	-7.56	482.25	
342	89179.55	11.236	1.1	4.6	40.78	-45.246	-2.114	0	0	0.66	1.25	0.15	-1	0	0	-13.52	475.55	
343	89202.85	27.41	3.15	3.65	122.28	-45.781	-0.51	0	0	2.54	4.62	2.55	-1	0	0	-8.62	498.85	
344	89440.60	27.728	1.8	5.15	131.24	-45.514	0.125	0	0	1.53	5.32	1.25	-1	0	0	-14.48	122.20	
345	89567.60	34.102	3.7	4.95	176.77	-45.321	0.71	0	0	2.6	5.88	2.3	-1	0	0	-10.49	249.20	
346	89580.35	32.072	1.9	5	144.47	-47.92	0.71	0	0	1.35	4.68	1.15	-1	0	0	-18.99	261.95	
347	89803.60	18.997	3.05	6.1	109.83	-46.073	0.075	0	0	2.87	6.15	1.9	-1	0	0	-5.3	485.20	
348	89977.65	28.605	2.45	4.5	133.64	-47.569	0.418	0	0	2.24	4.96	2.05	-1	0	0	-10.24	44.85	
349	90470.80	39.524	2.35	5.8	213.09	-47.285	-0.744	0	0	2.06	5.85	1.75	-1	0	0	-15.33	538.00	
350	91448.00	21.545	4.2	5	125.96	-45.004	-2.531	0	0	3.78	6.83	3.1	-1	0	0	-4.55	286.40	
351	91836.30	44.11	4.65	6.6	351.84	-47.36	1.662	0	0	4.21	8.48	3.7	-1	0	0	-8.38	60.30	
352	91993.20	40.794	2.75	5.65	227.09	-44.578	-0.744	0	0	2.08	6.28	2.05	-1	0	0	-15.73	217.20	
353	92006.20	20.827	2.75	3.65	84.41	-49.758	-0.744	0	0	2.62	3.57	2.3	-1	0	0	-6.37	230.20	
354	92091.30	15.497	2.75	1.9	50.44	-46.449	-3.567	0	0	2.6	2.67	2.55	-1	0	0	-4.76	315.30	
355	92275.75	34.319	2.85	5.7	179.01	-44.611	1.487	0	0	2	6.23	1.5	-1	0	0	-13.71	499.75	
356	92804.20	28.454	2.5	7.9	195.07	-43.993	0.593	0	0	2.28	6.32	1.5	-1	0	0	-9.96	413.80	
357	93143.35	28.521	4.05	6.55	200.95	-44.043	-2.172	0	0	3.32	7.63	2.5	-1	0	0	-6.87	138.55	
358	93307.45	37.51	2.7	5.2	200.15	-46.207	-0.1	0	0	2.27	5.54	2.2	-1	0	0	-13.2	302.65	
359	93376.50	23.459	3.4	6.35	147.55	-46.408	-0.852	0	0	2.72	7.19	2.15	-1	0	0	-6.89	371.70	
360	93549.55	30.936	2.75	4.95	145.95	-44.937	1.729	0	0	2.32	4.94	1.75	-1	0	0	-10.67	544.75	
361	93816.75	20.401	2.45	4.2	92.35	-46.575	0.493	0	0	2.24	4.75	1.95	-1	0	0	-7.29	197.55	
362	93856.95	22.072	1.05	3.75	68.52	-45.522	-1.805	0	0	0.67	2.69	0.6	-1	0	0	-26.23	237.75	
363	94259.80	26.959	2.55	5.45	143.55	-45.672	-0.677	0	0	1.96	5.82	1.85	-1	0	0	-10.99	26.20	
364	94589.75	21.161	1.7	5.45	96.64	-46.132	-0.952	0	0	1.46	4.34	1.4	-1	0	0	-11.57	356.15	
365	94886.30	21.078	3.5	6.45	134.32	-44.478	0.192	0	0	2.91	5.35	2.15	-1	0	0	-5.79	38.30	
366	95063.15	20.894	3.15	6.5	127.17	-45.89	0.301	0	0	2.81	5.18	2.1	-1	0	0	-5.95	215.15	
367	95216.20	34.737	2.6	5.55	183.88	-45.188	-0.652	0	0	2.36	5.74	1.85	-1	0	0	-11.76	368.20	
368	95372.30	18.847	3.1	5.35	103.39	-45.798	-2.506	0	0	2.92	5.21	1.85	-1	0	0	-5.17	524.30	
369	95443.90	16.558	3.45	5.3	94.78	-46.951	1.771	0	0	2.98	4.11	2.25	-1	0	0	-4.44	595.90	
370	95528.00	27.001	1.05	5.05	119.91	-45.731	0.201	0	0	0.79	4.6	0.85	-1	0	0	-27.21	65.60	
371	95656.50	33.676	3.25	5.45	186.88	-45.814	-2.765	0	0	2.69	5.87	2.35	-1	0	0	-10.01	194.10	
372	96128.10	23.701	1.85	4.75	105.49	-45.99	-1.069	0	0	1.24	4.29	1.05	-1	0	0	-15.35	51.30	
373	96279.00	40.677	3.1	8.8	324.32	-47.159	-0.51	0	0	2.75	8.27	2.05	-1	0	0	-11.83	202.20	
374	96667.65	19.482	3.2	5.5	97.02	-46.332	0.459	0	0	1.99	4.98	1.35	-1	0	0	-7.83	590.85	
375	96858.15	27.009	2.85	5.35	149.87	-47.468	-0.092	0	0	2.49	6.11	2.3	-1	0	0	-8.67	166.95	
376	97050.55	20.802	2.95	4.25	104.66	-46.675	0.627	0	0	2.51	5.82	2.5	-1	0	0	-6.64	359.35	
377	97796.90	17.644	2.1	5.7	85.7	-45.113	-1.37	0	0	1.64	5.84	1.15	-1	0	0	-8.62	491.30	
378	97827.20	20.117	1.85	4.05	76.79	-47.352	0.76	0	0	1.59	3.51	1.25	-1	0	0	-10.14	521.60	
379	98016.55	15.748	1.15	2.15	32.55	-45.238	0.142	0	0	1.01	2.39	1	-1	0	0	-12.52	96.55	
380	98092.70	23.041	2.7	4.75	120.08	-46.299	-0.902	0	0	1.93	5.35	2.2	-1	0	0	-9.55	172.70	
381	98499.80	24.937	2.95	6.95	143.31	-44.536	0.167	0	0	2.08	3.99	1.35	-1	0	0	-9.57	579.80	
382	98540.20	31.721	2.2	6.45	181.93	-45.163	-0.025	0	0	1.79	6.07	1.7	-1	0	0	-14.14	5.80	
383	98893.10	11.495	4.05	2.5	46.19	-46.282	-0.877	0	0	3.94	3.24	3.15	-1	0	0	-2.34	358.70	
384	98936.10	13.693	3.35	2.45	52.99	-45.998	0.618	0	0	3.21	4.02	2.15	-1	0	0	-3.41	401.70	
385	99164.85	21.42	1.3	3.85	75.44	-47.301	-0.71	0	0	1.12	2.46	0.75	-1	0	0	-15.25	16.05	
386	99353.35	12.665	1.3	3.65	41.98	-46.7	-0.025	0	0	1.19	4.16	0.6	-1	0	0	-8.49	204.55	
387	99503.95	11.445	4.45	1.65	43.43	-45.196	-0.526	0	0	4.21	0.85	0.2	-1	0	0	-2.17	355.15	
388	99661.05	44.344	3.45	7.3	301.79	-45.539	0.994	0	0	2.52	7.59	2.05	-1	0	0	-14.05	512.25	
389	99759.50	26.767	3.5	3.85	137.64	-49.44	1.437	0	0	3.23	5.49	3	-1	0	0	-6.62	610.70	
390	99968.55	25.413	3.85	6.2	175.1	-46.825	1.253	0	0	3.71	7.48	2.85	-1	0	0	-5.48	205.35	
391	101211.40	25.28	2	5.8	133.31	-45.48	0.209	0	0	1.6	4.95	1.15	-1	0	0	-12.63	219.40	
392	101368.40	15.338	2.45	3.7	60.63	-46.524	-0.401	0	0	2.2	4.47	1.7	-1	0	0	-5.58	376.35	
393	101945.50	7.928	1.4	1.15	11.98	-46.608	-0.142	0	0	1.31	0.39	0.15	-1	0	0	-4.84	339.05	
394	102028.90	15.464	2.7	4.95	75.87	-45.923	0.209	0	0	2.21	4.73	1.15	-1	0	0	-5.6	422.45	
395	102872.50	18.613	2.55	2.35	60.22	-44.979	-1.32	0	0	2.39	3.93	2.2	-1	0	0	-6.22	37.35	
396	103048.60	33.174	4.7	6.25	246.52	-46.725	2.247	0	0	3.9	7.53	3.5	-1	0	0	-6.81	213.40	
397	103151.10	9.19	2.15	2.15	23.15	-48.045	0.008	0	0	2.07	1.07	0.15	-1	0	0	-3.56	315.95	
398	103488.40	27.21	4.05	4.1	155.91	-47.418	1.938	0	0	3.41	6.06	3.35	-1	0	0	-6.38	38.80	
399	103509.30	20.835	1.7	5.9	105.89	-47.101	0.493	0	0	1.52	4.71	1.2	-1	0	0	-10.94	59.65	
400	103579.80	21.011	3.75	4.85	123.79	-46.934	-2.389	0	0	3.49	5.49	2.65	-1	0	0	-4.81	130.15	
401	103663.40	50.184	2.2	5.35	262.05	-46.007	-0.058	0	0	1.22	5.69	1.65	-1	0	0	-33.04	213.75	
402	104305.40	58.312	2.2	6.65	362.08	-45.873	-0.476	0	0	1.03	6.79	1.6	-1	0	0	-45.46	241.35	
403	104396.20	31.37	4.1	6.65	232.28	-46.399	-1.654	0	0	3.88	7.54	2.85	-1	0	0	-6.47	332.20	
404	104829.80	18.454	1.5	4.25	69.92	-47.368	-0.744	0	0	1.34	3.34	1.2	-1	0	0	-11	151.35	
405	104965.20	62.665	2.65	6.55	405.46	-45.397	-0.668	0	0	1.59	7.55	2.3	-1	0	0	-31.5	286.80	
406	105611.30	8.688	1.35	1.4	13.89	-47.385	-0.869	0	0	1.26	0.62	0.35	-1	0	0	-5.52	318.45	
407	105637.10	36.282	1.55	6.15	183.85	-47.769	1.312	0	0	1.31	5.4	1.05	-1	0	0	-22.13	344.30	
408	106125.50	29.373	3.25	6.75	197.08	-48.922	1.495	0	0	3.06	7.97	2.45	-1	0	0	-7.69	218.35	
409	106225.50	34.194	3.45	6.3	190.71	-45.839	-0.192	0	0	1.6	6.39	1.3	-1	0	0	-17.15	318.30	
410	106396.50	34.361	2.75	4.65	171.85	-47.385	-1.103	0	0	2.55	5.91	1.95	-1	0	0	-10.78	489.35	
411	106869.00	13.534	2.35	5.25	69.46	-46.291	-0.418	0	0	1.94	1.9	1.6	-1	0	0	-5.58	347.35	
412	107043.30	22.088	2.15	4.5	95.01	-45.781	-1.52	0	0	1.63	4.09	1.4	-1	0	0	-10.82	521.65	
413	107084.50	16.341	3.25	5.35	85.89	-46.115	0.025	0	0	3.12	4.56	2.4	-1	0	0	-4.19	562.95	
414	107788.50	14.862	2.6	2.95	50.81	-46.274	-0.401	0	0	2.51	4.64	1.85	-1	0	0	-4.75	38.10	
415	108533.30	15.263	2.55	4.9	79.56	-47.026	2.423	0	0	2.35	4.33	1.95	-1	0	0	-5.19	168.45	
416	109020.50	28.763	3	5.65	151.94	-46.859	0.819	0	0	2.44	5.41	2.05	-1	0	0	-9.41	41.25	
417	109346.80	21.612	3.55	5.8	141.48	-46.332	2.406	0	0	3.39	6.89	2.9	-1	0	0	-5.1	367.55	
418	109818.10	18.363	3.2	4	89.44	-46.316	2.749	0	0	2.32	5.31	2.5	-1	0	0	-6.32	224.55	
419	110275.00	22.439	2.25	3.6	91.95	-47.619	-1.019	0	0	1.86	5.04	1.6	-1	0	0	-9.67	66.95	
420	110374.90	12.774	2	4.35	53.72	-47.585	-1.554	0	0	1.88	3.75	1.2	-1	0	0	-5.44	166.85	
421	110572.30	46.441	1.55	5.35	213.57	-47.636	-0.56	0	0	1.35	5.36	1.05	-1	0	0	-27.43	364.25	
422	110963.80	23.91	3.55	6.45	147.49	-48.028	2.289	0	0	2.95	6.73	2.35	-1	0	0	-6.49	141.35	
423	111087.40	16.374	4.3	4	85.88	-48.062	0.643	0	0	4.13	5	3.05	-1	0	0	-3.17	265.00	
424	111508.50	23.475	1.25	3.95	86.05	-47.928	-0.05	0	0	1.12	3.11	1.05	-1	0	0	-16.76	71.70	
425	111552.40	27.753	3.35	5.8	174.94	-47.193	0.643	0	0	3.16	6.9	2.4	-1	0	0	-7.02	115.55	
426	111882.40	14.779	1.3	6	72.8	-45.823	-1.487	0	0	0.88	4.81	0.65	-1	0	0	-13.4	445.55	
427	112124.10	33.534	2.4	5.65	178.34	-47.026	1.47	0	0	1.92	5.59	1.7	-1	0	0	-13.97	72.95	
428	112263.20	25.079	3.4	4.2	116.16	-47.276	-0.084	0	0	2.76	5.58	1.85	-1	0	0	-7.27	212.00	
429	112313.20	18.454	3.3	5.2	105.4	-45.639	1.103	0	0	2.81	5.39	2.7	-1	0	0	-5.26	262.00	
430	113338.30	21.846	1.8	4.55	86.01	-47.953	0.468	0	0	0.84	4.07	0.8	-1	0	0	-20.82	58.25	
431	113615.30	9.54	4	4.45	52.28	-47.961	0.777	0	0	3.72	2.79	2.65	-1	0	0	-2.05	335.25	
432	113653.90	44.687	2.85	5.65	251.79	-48.237	-1.88	0	0	2.63	5.84	2.3	-1	0	0	-13.61	373.85	
433	113968.20	21.178	3.15	4.15	107.38	-47.619	2.264	0	0	3.04	5.59	2.75	-1	0	0	-5.56	73.80	
434	114087.50	27.761	1.55	5.45	127.65	-47.953	0.326	0	0	0.81	4.67	1.3	-1	0	0	-27.43	193.15	
435	114113.50	21.387	1.85	4.15	86.88	-47.627	0.008	0	0	1.52	4.91	1.4	-1	0	0	-11.26	219.10	
436	114198.50	35.43	2.55	4.05	148.5	-47.494	0.117	0	0	2.08	4.51	1.95	-1	0	0	-13.65	304.10	
437	114241.30	26.55	2.8	6	159.03	-48.822	-1.236	0	0	2.16	6.5	2.25	-1	0	0	-9.83	346.85	
438	114366.60	8.145	1.6	1.05	15.58	-49.081	0.317	0	0	1.54	1.9	1.55	-1	0	0	-4.24	472.25	
439	114713.30	17.076	1.7	3.1	54.45	-48.179	0.66	0	0	1.49	2.88	1.3	-1	0	0	-9.18	204.45	
440	114964.60	27.627	3.4	4.75	159.28	-47.251	-1.136	0	0	3.15	6	2.85	-1	0	0	-7.03	455.80	
441	115358.40	18.697	3.95	4.5	94.6	-48.697	-2.715	0	0	3.56	4.56	2.15	-1	0	0	-4.2	235.15	
442	115373.70	7.761	2.6	0.15	11.23	-53.049	1.412	0	0	2.49	0.23	0.15	-1	0	0	-2.49	250.50	
443	116164.10	10.601	2.2	2	26.19	-47.92	0.134	0	0	1.7	1.83	0.5	-1	0	0	-4.98	426.50	
444	116446.00	19.532	2.75	5.15	104.07	-48.346	2.122	0	0	2.57	4.06	2.2	-1	0	0	-6.09	94.00	
445	116827.00	15.923	2.85	4.95	80.1	-48.914	1.47	0	0	2.67	5.63	1.45	-1	0	0	-4.77	474.95	
446	117151.30	21.236	3.5	8.4	159.88	-46.082	1.069	0	0	2.31	6.87	1.6	-1	0	0	-7.37	184.85	
447	117510.50	10.468	2.45	1.45	27.27	-47.953	1.646	0	0	2.35	3.25	1.95	-1	0	0	-3.57	544.05	
448	117672.90	28.446	4.45	6.3	181.69	-48.839	-0.66	0	0	3.58	7.09	2.15	-1	0	0	-6.36	92.05	
449	118182.50	31.236	2.6	7.55	208.57	-49.34	1.053	0	0	2.37	6.91	1.6	-1	0	0	-10.54	601.70	
450	118385.90	16.767	2.15	3.5	55.54	-48.738	1.679	0	0	1.83	1.89	0.7	-1	0	0	-7.32	190.65	
451	118401.90	28.805	2.9	5	164.46	-49.758	1.27	0	0	2.52	6.27	2.55	-1	0	0	-9.15	206.70	
452	118519.90	12.941	2.45	3.85	57.97	-52.314	0.359	0	0	2.31	4.82	1.3	-1	0	0	-4.47	324.70	
453	118558.90	16.842	1.55	3.7	58.58	-49.657	-1.905	0	0	1.33	4.04	1.2	-1	0	0	-10.17	363.65	
454	118774.50	17.794	2.75	2.95	68.06	-51.128	-1.713	0	0	2.54	3.65	1.85	-1	0	0	-5.61	579.35	
455	119085.90	18.429	2.6	6.05	105.17	-48.88	0.685	0	0	2.22	5.55	1.85	-1	0	0	-6.65	276.25	
456	119583.20	19.348	1.95	4.65	78.98	-49.657	-0.685	0	0	1.48	3.67	1.4	-1	0	0	-10.48	159.20	
457	119883.00	44.093	1.9	5.3	224.62	-47.418	0.033	0	0	1.56	5.5	1.45	-1	0	0	-22.63	459.05	
458	119943.50	16.642	1.6	5.95	80.8	-47.134	-0.844	0	0	1.49	4.54	1.2	-1	0	0	-8.92	519.55	
459	120838.80	11.529	2.4	3.3	42.08	-48.212	1.019	0	0	2.26	2.11	2	-1	0	0	-4.08	185.95	
460	120846.00	16.023	2.7	2.95	60.9	-50.159	1.019	0	0	2.42	4.34	1.95	-1	0	0	-5.3	193.25	
461	121066.00	12.849	1.65	3.35	39.27	-47.443	1.103	0	0	1.48	2.01	1.35	-1	0	0	-6.95	413.15	
462	121198.60	20.134	2.45	6	113.31	-47.126	-0.493	0	0	2.08	5.51	1.75	-1	0	0	-7.74	545.80	
463	121308.50	15.146	2.85	2.45	51.34	-47.853	0.451	0	0	2.66	4.5	2.2	-1	0	0	-4.55	41.35	
464	121392.30	34.194	2.1	6.95	207.11	-47.694	-0.535	0	0	1.68	6.37	1.35	-1	0	0	-16.31	125.05	
465	121656.10	44.361	3.1	6.75	309.18	-46.75	1.997	0	0	2.88	7.32	2.3	-1	0	0	-12.33	388.90	
466	122300.90	7.185	1.95	1.35	14.41	-47.143	-0.593	0	0	1.84	0.67	0.4	-1	0	0	-3.12	419.25	
467	122495.30	11.002	1.45	3.9	31.43	-47.886	-1.746	0	0	1.16	0.53	0.4	-1	0	0	-7.58	204.10	
468	122935.90	14.486	3.25	2.85	53.69	-47.109	0.251	0	0	3.15	2.82	2.6	-1	0	0	-3.68	30.25	
469	122949.60	27.677	2.3	7.15	185.94	-46.057	0.251	0	0	2.1	7.17	1.15	-1	0	0	-10.56	44.00	
470	123127.70	15.731	4.4	3.8	79.41	-47.519	0.61	0	0	4.05	4.93	2.9	-1	0	0	-3.11	222.10	
471	123390.90	18.104	2.6	3.4	73.82	-48.814	-1.328	0	0	2.49	4.06	2.25	-1	0	0	-5.81	485.25	
472	123662.40	13.417	4.6	3.95	76.23	-47.051	0.317	0	0	4.47	5.02	3.05	-1	0	0	-2.4	142.35	
473	123737.00	22.757	4.05	4.8	121.73	-47.268	-0.042	0	0	2.85	5.54	2.45	-1	0	0	-6.39	217.00	
474	123748.90	13.016	2.95	3.2	48.93	-48.062	-0.042	0	0	2.48	1.27	0.6	-1	0	0	-4.2	228.90	
475	124314.00	21.52	2.95	4.95	113.46	-48.58	2.256	0	0	2.85	5.77	2.35	-1	0	0	-6.05	179.60	
476	124555.30	46.633	2.65	6.9	290.02	-48.688	0.576	0	0	2.44	6.7	2.25	-1	0	0	-15.28	420.85	
477	124705.60	17.21	3.65	2.8	69.66	-50.042	1.011	0	0	3.27	4.27	2.55	-1	0	0	-4.21	571.20	
478	124843.30	9.941	4.85	0.6	27.02	-47.251	-0.752	0	0	3.31	0.67	0.15	-1	0	0	-2.41	94.50	
479	125324.50	14.87	1.85	3.45	47.81	-48.713	-0.627	0	0	1.76	2.64	1.6	-1	0	0	-6.77	575.65	
480	125385.90	21.763	1.95	5.7	107.95	-47.485	-1.662	0	0	1.84	4.98	1.45	-1	0	0	-9.48	22.70	
481	125834.00	30.71	2.15	5.9	170.01	-49.031	-1.387	0	0	1.7	6.57	1.75	-1	0	0	-14.41	470.75	
482	126010.40	15.28	1.7	2.4	37.27	-49.574	2.849	0	0	1.58	1.32	1.15	-1	0	0	-7.74	32.75	
483	126031.90	22.782	1.55	3.45	78.73	-47.819	2.849	0	0	1.42	3.63	1.15	-1	0	0	-12.85	54.25	
484	126292.50	29.824	3.6	6.75	198.39	-48.337	-0.292	0	0	3.21	6.75	2.5	-1	0	0	-7.43	314.95	
485	126407.50	28.287	3.25	3.6	127.12	-49.716	-1.52	0	0	3.07	5.16	2.7	-1	0	0	-7.37	429.95	
486	126479.00	20.351	2.75	4.3	93.89	-48.73	-2.164	0	0	2.62	5.34	2.35	-1	0	0	-6.21	501.35	
487	126525.80	24.11	3.05	7.65	177.84	-49.808	-0.033	0	0	2.68	6.85	1.95	-1	0	0	-7.2	548.20	
488	127233.50	22.506	2.65	5.55	110.93	-49.423	0.159	0	0	2.5	3.59	1.4	-1	0	0	-7.21	27.05	
489	127248.80	24.603	3.05	5.8	124.45	-49.641	0.159	0	0	2.67	4.45	1.7	-1	0	0	-7.38	42.35	
490	127485.20	10.702	1.4	2	23.1	-48.154	0.51	0	0	1.26	1.29	0.65	-1	0	0	-6.81	278.80	
491	127900.30	24.361	2.3	5.1	119.72	-47.953	-1.813	0	0	2.14	5.29	1.7	-1	0	0	-9.12	79.45	
492	128029.10	15.33	3.5	4.35	76.01	-48.588	1.028	0	0	3.35	4.98	2.3	-1	0	0	-3.66	208.30	
493	128067.00	35.58	2.8	4.55	183.49	-47.719	-2.172	0	0	2.6	5.2	2.55	-1	0	0	-10.96	246.25	
494	128096.30	12.189	3.15	3.5	51.88	-50.083	1.186	0	0	2.44	3.43	1.7	-1	0	0	-3.99	275.50	
495	128526.40	10.936	3.45	1.4	30.59	-48.404	-0.952	0	0	3.31	0.96	0.45	-1	0	0	-2.64	91.20	
496	128703.10	17.285	1.25	4.05	56.66	-47.577	1.621	0	0	1.08	3.33	0.75	-1	0	0	-12.84	267.90	
497	128998.90	29.975	4.2	5.05	182.61	-47.702	0.677	0	0	3.1	6.69	2.6	-1	0	0	-7.75	563.65	
498	129205.00	18.212	1	3.95	58.06	-47.56	-0.693	0	0	0.85	3.4	0.65	-1	0	0	-17.05	155.45	
499	129510.50	34.703	1.7	6.95	206.79	-47.435	-0.652	0	0	1.21	6.82	0.95	-1	0	0	-23	460.95	
500	129623.80	19.9	3.05	2.85	71.93	-46.758	2.047	0	0	2.66	4.04	2.2	-1	0	0	-5.98	574.15	
