500	Time (ms)	Amplitude	Rise (ms)	Decay (ms)	Area	Baseline	Noise	Group	Channel	10-90Rise	HalfWidth	Rise50	Peak Dir	Burst#	BurstE#	10-90Slope	Rel Time	
1	2693.90	66.833	2.45	4.3	299.87	-12.624	-1.873	0	0	2.19	5.46	1.85	-1	0	0	-24.4	236.30	
2	2772.20	30.659	2.3	4	124.98	-13.37	0.984	0	0	2.13	4.14	1.65	-1	0	0	-11.54	314.60	
3	3335.75	36.737	0.7	1.7	57.92	-13.544	1.381	0	0	0.54	2.06	0.55	-1	0	0	-54.32	263.75	
4	5142.25	14.52	2.2	0.85	25.37	-12.735	1.254	0	0	2.11	1.03	0.95	-1	0	0	-5.5	227.05	
5	5835.10	31.738	1.9	4.15	119.03	-10.823	-1.111	0	0	1.43	3.97	1	-1	0	0	-17.81	305.50	
6	5940.40	16.615	2.15	1.75	36.97	-12.584	0.659	0	0	1.99	1.53	1.45	-1	0	0	-6.68	410.80	
7	6209.00	13.227	1.1	0.95	16.83	-12.592	0.19	0	0	0.98	0.89	0.75	-1	0	0	-10.74	65.00	
8	6655.10	31.476	1.4	4.25	118.78	-10.283	1.024	0	0	1.2	3.84	0.95	-1	0	0	-21.06	511.10	
9	6758.60	25.073	2.3	2.5	78.37	-11.291	1.333	0	0	2.17	3.06	1.95	-1	0	0	-9.26	115.40	
10	7130.30	26.525	1.3	2	49.67	-11.434	-2.142	0	0	1.15	1.83	0.7	-1	0	0	-18.42	487.10	
11	7473.05	47.33	2.4	4.2	208.97	-11.656	1.19	0	0	1.31	5.5	1.5	-1	0	0	-28.87	215.45	
12	8119.15	18.972	1.2	3.3	49.41	-11.45	4.094	0	0	0.61	0.39	0.15	-1	0	0	-25.04	247.15	
13	8191.85	11.934	0.85	1.7	17.03	-15.441	3.626	0	0	0.72	1.05	0.4	-1	0	0	-13.32	319.85	
14	8200.55	32.841	2.45	2.65	99.92	-11.45	3.626	0	0	1.91	3.05	1.5	-1	0	0	-13.75	328.55	
15	9423.50	33.206	2.55	3.9	133.48	-10.878	-2.722	0	0	2.07	3.81	1.75	-1	0	0	-12.84	322.70	
16	9905.75	36.84	1	1.75	61.9	-12.037	1.666	0	0	0.39	1.7	0.6	-1	0	0	-75.82	190.55	
17	10149.65	32.683	1.3	3.35	100.18	-13.211	0.976	0	0	1.09	3.04	0.8	-1	0	0	-24.06	434.45	
18	10173.65	34.008	3.65	2.95	109.66	-10.251	-2.134	0	0	1.41	3.66	1.05	-1	0	0	-19.27	458.45	
19	11153.10	14.79	1.35	4	51.17	-13.275	-1.873	0	0	1.22	0.66	0.3	-1	0	0	-9.73	209.10	
20	11224.80	20.884	2.65	2.6	65.81	-13.616	-3.356	0	0	2.32	3.52	1.55	-1	0	0	-7.21	280.80	
21	11294.95	34.158	2.6	2.7	107.94	-14.687	-0.278	0	0	2.45	3.73	1.5	-1	0	0	-11.17	350.95	
22	12520.85	18.622	2.75	3.15	68.63	-12.219	-0.444	0	0	2.61	4.04	1.95	-1	0	0	-5.7	348.05	
23	12799.90	21.63	2.35	2.25	63.56	-14.266	-1.412	0	0	2.23	2.24	0.85	-1	0	0	-7.76	12.70	
24	14160.60	11.751	1.75	1.05	19.77	-16.107	-2.365	0	0	1.7	0.25	0.15	-1	0	0	-5.53	144.60	
25	14198.95	16.385	1.25	1.4	31.89	-13.1	0.587	0	0	1.17	2.5	1.2	-1	0	0	-11.17	182.95	
26	15799.90	17.988	3.15	2.45	60.26	-13.521	-0.048	0	0	2.78	2.88	1.75	-1	0	0	-5.17	555.10	
27	15829.30	17.781	1.65	3.15	51.67	-13.346	2.023	0	0	1.54	0.78	0.2	-1	0	0	-9.23	584.50	
28	16326.15	25.224	1.9	1.55	61.02	-14.552	-2.047	0	0	1.62	3.05	1.6	-1	0	0	-12.48	466.95	
29	16358.35	24.454	1.25	4.1	79.94	-13.465	3.261	0	0	1.1	1.85	0.9	-1	0	0	-17.72	499.15	
30	16488.80	29.572	2.25	3.7	111.87	-15.298	1.222	0	0	2.11	3.82	1.6	-1	0	0	-11.22	15.20	
31	16821.95	42.267	1.65	3.95	150.6	-12.806	4.039	0	0	1.37	3.06	1	-1	0	0	-24.7	348.35	
32	16828.80	34.301	2.25	4.2	152.89	-17.115	4.039	0	0	1.82	5.23	1.3	-1	0	0	-15.06	355.20	
33	17198.25	14.346	1.95	0.35	16.72	-19.202	-0.048	0	0	1.81	0.44	0.15	-1	0	0	-6.33	110.25	
34	17220.25	21.574	3.25	2.2	73.76	-12.354	-0.809	0	0	2.91	0.99	0.35	-1	0	0	-5.94	132.25	
35	17269.40	12.679	2.85	0.2	20.58	-14.37	1.254	0	0	0.4	0.23	0.15	-1	0	0	-25.36	181.40	
36	17322.40	26.39	1.65	2	51.69	-16.425	-2.126	0	0	1.31	2.05	0.7	-1	0	0	-16.07	234.40	
37	17342.40	15.56	1.35	0.6	16.45	-16.377	-1.238	0	0	1.13	1.16	0.65	-1	0	0	-11.01	254.40	
38	17444.75	15.941	1.55	0.3	18.75	-15.345	-1.976	0	0	1.4	1.46	1.25	-1	0	0	-9.12	356.75	
39	17509.00	17.004	0.9	1.35	23.13	-15.488	2.896	0	0	0.78	1.38	0.75	-1	0	0	-17.37	421.00	
40	17564.15	12.1	1.35	0.65	11.7	-16.234	-2.88	0	0	0.94	0.43	0.3	-1	0	0	-10.31	476.15	
41	17623.85	19.265	1.75	2.5	50.16	-13.338	-0.873	0	0	1.59	1.78	1.35	-1	0	0	-9.67	535.85	
42	17650.10	14.219	0.55	1.55	17.17	-13.719	4.824	0	0	0.46	0.21	0.1	-1	0	0	-24.89	562.10	
43	17732.10	10.902	1.1	2.7	23.83	-13.782	2.261	0	0	0.95	0.9	0.8	-1	0	0	-9.2	29.70	
44	17768.10	11.577	1.7	1.25	19.28	-14.266	0.492	0	0	1.41	0.81	0.7	-1	0	0	-6.59	65.70	
45	17820.50	15.988	1.3	1.15	26.71	-15.195	0.595	0	0	1.22	1.78	0.75	-1	0	0	-10.46	118.10	
46	17982.55	20.479	1.85	1	38.73	-17.194	-0.778	0	0	1.57	1.94	1.55	-1	0	0	-10.4	280.15	
47	18128.05	20.209	3	2.4	56.48	-16.107	-0.508	0	0	0.7	1.89	0.4	-1	0	0	-23.23	425.65	
48	18158.85	21.772	1	1.85	38.92	-14.877	3.872	0	0	0.85	1.76	0.7	-1	0	0	-20.45	456.45	
49	18227.70	17.758	1.4	1.45	33.19	-15.155	-0.27	0	0	1.23	2.08	0.95	-1	0	0	-11.57	525.30	
50	18311.95	11.957	0.6	1.6	18.78	-16.298	-0.19	0	0	0.54	1.68	0.15	-1	0	0	-17.88	609.55	
51	18430.90	12.545	0.7	1.2	12.67	-18.376	-2.349	0	0	0.54	0.55	0.25	-1	0	0	-18.57	114.10	
52	18498.35	15.258	1.55	1.45	29.65	-15.671	3.372	0	0	1.45	1.33	0.95	-1	0	0	-8.42	181.55	
53	18525.20	19.717	1.55	2.5	45.85	-15.179	-0.547	0	0	1.37	1.23	1.1	-1	0	0	-11.51	208.40	
54	18566.95	25.303	1.25	2.65	59.14	-15.314	1.127	0	0	0.89	2.6	0.7	-1	0	0	-22.79	250.15	
55	18751.60	13.362	1.95	0.6	19.92	-14.988	0.603	0	0	1.63	0.45	0.2	-1	0	0	-6.55	434.80	
56	18756.55	20.027	1.4	5.2	82.36	-12.243	0.603	0	0	1.31	2.41	0.4	-1	0	0	-12.22	439.75	
57	18937.70	51.892	1.8	3.65	186.79	-17.821	-4.055	0	0	1.42	4.23	1.2	-1	0	0	-29.31	6.50	
58	18960.65	19.344	1.65	2.05	41.62	-14.933	-3.428	0	0	1.52	2.07	0.6	-1	0	0	-10.15	29.45	
59	18979.25	18.646	1.45	1.85	35.66	-14.941	-0.325	0	0	1.18	1.01	0.65	-1	0	0	-12.59	48.05	
60	19053.55	12.465	1.7	1.5	25.23	-16.821	-0.706	0	0	1.61	0.47	0.15	-1	0	0	-6.18	122.35	
61	19113.40	14.703	4.25	1.25	47.32	-17.861	-0.881	0	0	4.12	1.2	0.7	-1	0	0	-2.85	182.20	
62	19110.00	15.123	0.85	1.6	22.92	-17.02	-0.325	0	0	0.76	1.47	0.6	-1	0	0	-15.84	178.80	
63	19271.05	18.495	3.85	2.25	73.13	-15.345	-1.246	0	0	3.41	3	1.8	-1	0	0	-4.34	339.85	
64	19575.40	15.869	1.4	1.45	25.89	-15.401	0.555	0	0	1.3	1.43	0.65	-1	0	0	-9.78	29.80	
65	19600.95	15.084	1.25	1.7	28.81	-15.98	-0.397	0	0	1.11	1.87	1	-1	0	0	-10.86	55.35	
66	19793.75	14.116	2.95	1.55	42.84	-16.266	0.484	0	0	2.8	3.05	2.4	-1	0	0	-4.04	248.15	
67	19895.95	21.542	2.15	0.65	39.6	-13.663	-4.308	0	0	1.99	1.83	1.7	-1	0	0	-8.68	350.35	
68	20108.70	25.724	1.85	2.35	66.9	-22.439	-3.698	0	0	1.74	2.55	0.8	-1	0	0	-11.85	563.10	
69	20101.70	11.156	1	3.15	36.13	-13.235	0.428	0	0	0.9	2.55	0.15	-1	0	0	-9.88	556.10	
70	20152.45	23.153	2.05	1.3	46.8	-12.941	-1.88	0	0	1.68	1.95	1.25	-1	0	0	-11.01	606.85	
71	20178.60	18.543	0.7	1.55	26.45	-14.528	2.468	0	0	0.59	1.82	0.35	-1	0	0	-24.95	18.60	
72	20231.75	15.004	0.75	0.5	12.52	-14.727	-0.008	0	0	0.61	1.04	0.65	-1	0	0	-19.57	71.75	
73	20369.00	18.273	1.45	2.5	43.06	-14.965	-2.817	0	0	1.08	2.08	0.95	-1	0	0	-13.55	209.00	
74	20337.35	14.584	1.8	0.35	16.78	-15.639	-2.539	0	0	1.71	0.21	0.15	-1	0	0	-6.81	177.35	
75	20441.00	18.567	1.7	3.6	60.93	-18.019	-3.452	0	0	1.58	1.95	1.1	-1	0	0	-9.38	281.00	
76	20520.30	30.255	1.65	3.45	90.33	-14.854	-2.372	0	0	1.51	3.23	0.9	-1	0	0	-16.07	360.30	
77	20614.10	16.71	1.15	2.1	34.77	-13.663	5.062	0	0	1.07	1.41	0.15	-1	0	0	-12.47	454.10	
78	20665.70	16.464	3.45	0.95	35.56	-16.678	1.365	0	0	3.23	0.96	0.4	-1	0	0	-4.07	505.70	
79	20853.05	16.187	1.75	1.35	28.37	-12.854	-2.222	0	0	1.64	1.1	0.9	-1	0	0	-7.88	78.65	
80	20973.80	18.916	1.4	1.6	33.91	-12.592	1.595	0	0	1.05	1.89	0.65	-1	0	0	-14.46	199.40	
81	21091.70	17.25	0.95	2.45	37.99	-10.291	-1.127	0	0	0.81	2.06	0.8	-1	0	0	-16.99	317.30	
82	21375.10	30.572	2.4	2.25	92.56	-13.616	0.873	0	0	2.03	3.59	1.75	-1	0	0	-12.02	600.70	
83	21531.15	20.558	1.85	3.85	70.72	-12.386	0.786	0	0	1.18	2.74	0.8	-1	0	0	-13.96	167.95	
84	21660.40	15.576	1.35	2.65	37.41	-13.33	-2.119	0	0	1.2	1.18	0.35	-1	0	0	-10.37	297.20	
85	21925.25	11.807	1.1	0.65	11.36	-17.274	1.587	0	0	1.02	0.46	0.15	-1	0	0	-9.28	562.05	
86	21983.20	23.193	1.3	3.6	71.93	-14.298	2.571	0	0	1.17	3.58	0.45	-1	0	0	-15.91	5.60	
87	21997.75	25.121	2.3	3.45	82.54	-11.815	2.571	0	0	1.56	3.94	1	-1	0	0	-12.87	20.15	
88	22149.70	14.822	0.8	1.7	21.93	-14.314	-0.262	0	0	0.65	1.12	0.15	-1	0	0	-18.13	172.10	
89	22435.65	20.773	1.05	2.35	40.73	-13.925	1.23	0	0	0.91	0.54	0.4	-1	0	0	-18.2	458.05	
90	22905.25	27.216	1.25	2.5	66.3	-15.377	4.189	0	0	1.12	2.39	0.95	-1	0	0	-19.39	313.25	
91	22939.65	16.464	1.8	1.1	26.85	-16.52	-0.095	0	0	1.66	0.96	0.85	-1	0	0	-7.93	347.65	
92	22947.60	15.837	2	3.15	48.11	-14.076	-0.095	0	0	1.34	1.52	0.6	-1	0	0	-9.47	355.60	
93	23182.10	30.088	1.75	3.7	108.56	-16.155	-0.056	0	0	1.39	3.47	1.05	-1	0	0	-17.34	590.10	
94	23519.10	23.328	1.05	1.95	43.47	-15.425	-3.396	0	0	0.65	1.58	0.55	-1	0	0	-28.76	312.70	
95	23600.70	14.909	0.9	2.2	27.03	-15.179	-0.77	0	0	0.77	0.24	0.15	-1	0	0	-15.5	394.30	
96	23821.35	22.098	2.1	2.1	52.17	-16.671	2.468	0	0	1.57	2.45	1.4	-1	0	0	-11.24	230.95	
97	24356.65	15.282	0.6	2.25	30.93	-13.584	-3.071	0	0	0.49	1.73	0.2	-1	0	0	-24.85	151.85	
98	24601.50	35.674	1.65	3.8	119.19	-11.727	0.793	0	0	0.99	3.7	0.7	-1	0	0	-28.79	396.70	
99	24637.85	19.384	1.4	1.05	21.84	-13.505	-3.634	0	0	1.01	0.26	0.15	-1	0	0	-15.39	433.05	
100	24997.00	26.724	1.6	3.2	83.94	-16.417	0.698	0	0	1.24	3.85	0.9	-1	0	0	-17.24	177.80	
101	25061.85	17.408	0.95	3.05	43.24	-15.742	-2.595	0	0	0.81	1.23	0.65	-1	0	0	-17.11	242.65	
102	25102.70	16.147	1.9	2.1	38.65	-15.33	-1.389	0	0	1.81	1.46	1.35	-1	0	0	-7.14	283.50	
103	25490.20	23.272	1.75	4.2	89.18	-16.544	-0.667	0	0	1.62	4.03	1.15	-1	0	0	-11.46	56.60	
104	25602.70	36.166	1.45	3.8	123.19	-17.083	0.198	0	0	1.26	4.04	1	-1	0	0	-22.98	169.10	
105	25712.30	18.313	1.35	1.3	27.9	-16.805	1.174	0	0	1.25	1.33	0.15	-1	0	0	-11.68	278.70	
106	25830.35	25.652	1.45	1.2	42	-15.449	2.095	0	0	1.16	1.97	0.9	-1	0	0	-17.71	396.75	
107	25844.60	52.614	3.65	5.75	327.06	-14.377	2.095	0	0	3.34	6.52	2.6	-1	0	0	-12.61	411.00	
108	26063.65	26.24	1.55	4.05	91.3	-19.083	-2.706	0	0	1.4	3.08	1.2	-1	0	0	-14.98	15.65	
109	26390.45	21.193	0.85	2.1	37.98	-19.781	-0.992	0	0	0.67	1.94	0.55	-1	0	0	-25.43	342.45	
110	26790.25	38.126	1.35	2.45	97.53	-13.822	-4.626	0	0	1.22	3.02	1.2	-1	0	0	-25.02	127.85	
111	28268.85	24.756	1.9	2.9	75.47	-14.869	0.563	0	0	1.77	3.6	1.55	-1	0	0	-11.22	377.65	
112	28380.35	20.305	3.4	3.35	89.68	-16.448	-0.349	0	0	3.27	5.13	2.25	-1	0	0	-4.96	489.15	
113	28541.70	13.457	1.05	2.85	31.92	-15.988	1.928	0	0	0.98	0.88	0.1	-1	0	0	-11.01	36.10	
114	28574.65	23.264	1.6	3.6	69.46	-14.425	2.015	0	0	1.49	2.26	0.4	-1	0	0	-12.47	69.05	
115	28739.45	18.622	1.55	3	48.25	-15.084	0.381	0	0	1.17	0.46	0.35	-1	0	0	-12.68	233.85	
116	28993.70	14.655	1.6	0.95	23.79	-14.481	-0.365	0	0	1.3	2.04	1.15	-1	0	0	-9.04	488.10	
117	29244.00	31.342	1.6	3.1	92.26	-15.441	1.063	0	0	1.14	3.14	1	-1	0	0	-21.97	124.00	
118	29888.45	17.353	1.55	0.75	21.46	-14.441	0.302	0	0	1.41	0.74	0.35	-1	0	0	-9.82	154.05	
119	30253.40	43.807	1.75	4.95	187.2	-16.194	-0.833	0	0	1.58	4.84	1.2	-1	0	0	-22.14	519.00	
120	30281.35	18.329	1.55	2.8	46.95	-14.719	-1.968	0	0	1.46	0.75	0.6	-1	0	0	-10.03	546.95	
121	31317.75	30.215	2.15	2.7	92.29	-19.281	0.135	0	0	1.84	3.52	0.9	-1	0	0	-13.15	354.55	
122	32562.05	39.157	3.75	2.6	156.61	-13.29	3.793	0	0	3.16	5.04	2.6	-1	0	0	-9.92	370.05	
123	34388.65	18.035	1.8	1.1	34.7	-13.409	-0.032	0	0	1.74	1.12	0.15	-1	0	0	-8.28	353.45	
124	35097.65	24.153	1.35	3.05	66.92	-15.084	-0.365	0	0	0.97	3.35	0.7	-1	0	0	-19.83	448.05	
125	35287.55	25.343	1.05	4.2	85.59	-15.972	0.817	0	0	0.76	2.92	0.7	-1	0	0	-26.61	23.55	
126	35344.10	40.284	2.35	3.75	166.07	-15.544	-0.865	0	0	2	4.53	1.85	-1	0	0	-16.1	80.10	
127	36173.65	21.487	1.25	2.85	61.04	-16.552	2.674	0	0	1.13	3.07	0.9	-1	0	0	-15.19	295.25	
128	36752.65	12.338	1.3	2.45	26.48	-16.821	0.397	0	0	1.01	0.31	0.15	-1	0	0	-9.78	259.85	
129	39051.00	17.559	4.15	0.2	45.96	-20.313	-0.825	0	0	4.06	0.53	0.4	-1	0	0	-3.46	100.60	
130	39391.85	19.86	2.65	7.9	128.33	-15.131	-1.928	0	0	1.32	6.18	0.65	-1	0	0	-12.07	441.45	
131	39662.75	17.123	0.85	0.5	11.57	-19.694	-2.285	0	0	0.75	0.45	0.35	-1	0	0	-18.2	97.95	
132	41351.55	53.13	1.85	4.95	232.54	-19.622	0.873	0	0	1.05	5.63	0.9	-1	0	0	-40.67	557.95	
133	41502.95	37.364	2.45	4.45	184.99	-21.003	-0.103	0	0	1.62	5.34	1.65	-1	0	0	-18.46	94.95	
134	41601.10	17.051	1.65	2.45	41.34	-19.384	-1.904	0	0	1.32	2.13	0.65	-1	0	0	-10.3	193.10	
135	41418.55	15.409	3.55	0.85	37.71	-18.408	-0.492	0	0	3.21	2.56	2.4	-1	0	0	-3.84	10.55	
136	41830.25	13.211	2.85	0.7	27.98	-19.424	1.349	0	0	2.71	0.79	0.7	-1	0	0	-3.89	422.25	
137	41892.10	25.383	2.25	3.05	85.67	-18.527	3.571	0	0	1.42	3	1.45	-1	0	0	-14.27	484.10	
138	42398.85	40.887	1.3	6.9	218.86	-18.075	-2.269	0	0	0.95	5.72	0.8	-1	0	0	-34.35	376.45	
139	42453.35	40.387	2.35	3.25	145.58	-19.13	1.063	0	0	2.16	4.12	1.9	-1	0	0	-14.94	430.95	
140	42631.65	21.701	2.05	5	104.74	-19.162	-0.095	0	0	1.88	4.58	1.25	-1	0	0	-9.26	609.25	
141	42641.35	18.821	2.8	1.75	54.85	-27.66	0.976	0	0	2.71	3.76	2.1	-1	0	0	-5.55	4.55	
142	42673.15	12.608	3.65	0.95	32.65	-19.448	0.587	0	0	3.55	0.26	0.15	-1	0	0	-2.84	36.35	
143	42656.00	16.758	1.8	3.45	61.72	-16.655	0.976	0	0	1.67	2.46	1	-1	0	0	-8.04	19.20	
144	42775.40	11.537	1.75	0.15	13.31	-19.963	2.69	0	0	1.62	1.44	1.35	-1	0	0	-5.7	138.60	
145	42799.15	31.58	2.15	4.95	140.61	-20.487	2.238	0	0	1.62	4.82	1	-1	0	0	-15.58	162.35	
146	42848.85	15.599	3.25	1.35	44.89	-19.765	0.857	0	0	2.96	1.45	0.7	-1	0	0	-4.22	212.05	
147	42864.80	28.358	1.6	5.25	121.83	-23.018	0.262	0	0	1.4	3.48	1.1	-1	0	0	-16.2	228.00	
148	43008.95	26.668	3	4.8	138.25	-19.662	2.484	0	0	2.89	5.05	2.25	-1	0	0	-7.38	372.15	
149	43080.80	20.963	2.65	2.75	58.15	-20.923	0.111	0	0	1.87	1.33	0.3	-1	0	0	-8.95	444.00	
150	43428.75	14.044	2.1	0.95	23.7	-20.4	-1.468	0	0	1.99	0.53	0.2	-1	0	0	-5.65	177.55	
151	43711.55	17.051	3.5	1.8	56.7	-18.765	1.476	0	0	2.62	2.53	2.4	-1	0	0	-5.2	460.35	
152	43919.35	18.535	2.05	1.1	28.79	-19.408	-0.23	0	0	1.41	0.3	0.15	-1	0	0	-10.51	53.75	
153	44264.35	22.558	1.25	1.85	44.57	-22.645	3.079	0	0	1.13	1.88	0.75	-1	0	0	-15.97	398.75	
154	44302.20	15.853	1.7	1.9	31.59	-18.773	0.968	0	0	1.55	0.82	0.2	-1	0	0	-8.2	436.60	
155	44338.70	14.933	1.9	3.25	46.31	-18.043	-3.658	0	0	1.8	0.72	0.55	-1	0	0	-6.65	473.10	
156	44436.25	27.596	2.65	2.9	101.29	-19.059	1.825	0	0	2.3	4.49	1.75	-1	0	0	-9.6	570.65	
157	44505.70	26.581	2.8	3.25	106.71	-21.027	-0.413	0	0	2.63	4.67	1.95	-1	0	0	-8.08	25.70	
158	44535.25	12.917	1.15	2.15	23.13	-20.979	-2.285	0	0	1.02	0.38	0.25	-1	0	0	-10.15	55.25	
159	45156.50	35.349	1.45	3.65	122.06	-19.979	-1.238	0	0	0.94	3.38	1.15	-1	0	0	-30.17	62.10	
160	45651.65	14.957	2.05	3.8	58.1	-19.218	1.341	0	0	1.72	2.78	0.65	-1	0	0	-6.94	557.25	
161	46752.00	15.338	1.75	1.25	25.56	-18.345	-1.373	0	0	1.23	1.43	0.95	-1	0	0	-9.96	428.80	
162	46931.05	15.964	1.55	2.1	35.74	-19.797	-1.88	0	0	1.06	1.23	0.15	-1	0	0	-12.09	607.85	
163	47708.50	20.416	2.1	3.05	64.83	-19.059	1.46	0	0	1.99	2.31	1.4	-1	0	0	-8.21	156.50	
164	48493.40	19.67	2.2	1.5	45.41	-19.099	4.11	0	0	2.04	2.3	1.55	-1	0	0	-7.7	327.00	
165	49659.30	38.141	2.4	3.8	149.78	-21.05	1.381	0	0	2.2	4.47	1.6	-1	0	0	-13.85	264.10	
166	49869.20	35.721	2	4.55	156.34	-20.551	-2.864	0	0	1.76	4.4	1.65	-1	0	0	-16.24	474.00	
167	50524.20	16.829	3.1	0.7	37.82	-20.098	-2.634	0	0	2.8	1.82	1.7	-1	0	0	-4.8	514.60	
168	50577.10	14.195	1.35	1.1	19.18	-18.376	1.031	0	0	0.59	0.9	0.15	-1	0	0	-19.4	567.50	
169	51173.50	37.888	1.4	4.5	140.43	-19.709	-1.206	0	0	1.28	3.52	1	-1	0	0	-23.7	549.50	
170	51248.95	21.042	1.95	1.5	42.7	-18.884	-0.889	0	0	1.37	1.77	1.05	-1	0	0	-12.25	10.55	
171	51599.15	22.169	2.75	2.45	65.11	-19.678	1.182	0	0	2.65	1.78	1.65	-1	0	0	-6.7	360.75	
172	52085.60	35.547	2.05	4.1	142.21	-19.908	-2.277	0	0	1.89	4.34	1.45	-1	0	0	-15.03	232.80	
173	52567.20	27.112	1	1.95	49.85	-19.852	3.19	0	0	0.89	2.21	0.6	-1	0	0	-24.32	100.00	
174	53598.65	13.973	2.65	2.3	39.77	-21.019	5.205	0	0	2.1	1.71	1.6	-1	0	0	-5.31	517.05	
175	53958.40	42.775	2	3.85	179.76	-22.185	-0.865	0	0	1.42	4.48	1.6	-1	0	0	-24.02	262.40	
176	54978.60	22.098	3.1	2.75	82.01	-21.257	-2.174	0	0	2.76	2.96	2.05	-1	0	0	-6.41	53.80	
177	56148.15	30.342	2.05	2.7	91.99	-21.209	-0.936	0	0	1.92	3.04	1.3	-1	0	0	-12.63	608.95	
178	55801.80	27.589	3.45	2.55	98.31	-20.281	2.61	0	0	3.31	3.62	2.05	-1	0	0	-6.67	262.60	
179	56618.50	17.599	1.35	2.35	37.97	-20.804	2.182	0	0	1.22	1.69	0.7	-1	0	0	-11.5	464.90	
180	57645.70	14.814	1.6	2.95	38.62	-20.892	-2.896	0	0	1.25	1.17	0.25	-1	0	0	-9.46	263.30	
181	59479.60	23.597	1.45	2.45	60.22	-21.082	1.262	0	0	1.33	2.3	0.75	-1	0	0	-14.14	254.00	
182	59584.40	22.003	2.1	2.1	51.29	-21.796	-0.619	0	0	1.81	1.25	0.4	-1	0	0	-9.74	358.80	
183	59860.70	16.837	1.35	1.85	29.42	-21.534	0.619	0	0	1.07	0.58	0.2	-1	0	0	-12.55	20.70	
184	60284.95	64.516	1.1	4.6	248.94	-22.852	-1.714	0	0	0.53	3.79	0.85	-1	0	0	-97.96	444.95	
185	60713.80	28.937	1.15	3.2	81.88	-21.891	1.143	0	0	0.96	2.81	0.75	-1	0	0	-24.03	259.40	
186	62938.85	31.207	1.6	5.05	132.14	-22.947	3.039	0	0	1.15	4.41	0.85	-1	0	0	-21.78	26.85	
187	64272.35	24.78	2.5	5.1	119.62	-20.654	-5.626	0	0	1.87	4.26	1.15	-1	0	0	-10.62	131.55	
188	65726.20	15.107	1.2	1.8	27.44	-22.288	-0.198	0	0	1.1	0.54	0.4	-1	0	0	-11	356.60	
189	67046.70	22.891	2.05	2.95	73.92	-23.859	3.214	0	0	1.93	3.79	1.4	-1	0	0	-9.51	448.30	
190	67909.40	26.192	3.35	1.35	78.84	-22.518	1.396	0	0	3.03	3.34	2.65	-1	0	0	-6.91	82.20	
191	68846.15	42.656	2.4	5.15	203.62	-23.693	-0.841	0	0	2.03	4.23	1.55	-1	0	0	-16.82	404.55	
192	69026.80	18.472	2.3	5.7	96.76	-18.694	-0.27	0	0	1.89	3.23	1.1	-1	0	0	-7.8	585.20	
193	69153.65	26.486	1.5	3.5	82.6	-24.034	-0.048	0	0	1.32	3.47	1	-1	0	0	-16.04	97.65	
194	69879.40	19.456	3.4	1.8	62.29	-23.359	5.61	0	0	3.15	0.27	0.15	-1	0	0	-4.94	209.00	
195	69946.50	24.962	2.9	2.3	66.39	-22.423	-1.698	0	0	2.09	3.4	1.5	-1	0	0	-9.56	276.10	
196	70072.95	18.043	3.05	1.4	43.55	-23.542	0.786	0	0	2.94	0.46	0.2	-1	0	0	-4.91	402.55	
197	70130.80	14.266	2.25	1.8	39.35	-23.407	-1.166	0	0	2.09	3.27	1.55	-1	0	0	-5.45	460.40	
198	70153.65	70.411	1.15	5.4	317.56	-26.938	-1.738	0	0	0.77	5.02	0.8	-1	0	0	-72.8	483.25	
199	70286.20	25.2	2.75	3.45	110.08	-24.708	0.73	0	0	2.01	4.84	2.15	-1	0	0	-10.04	142.20	
200	71724.95	20.757	1.8	1.8	48.66	-22.907	-1.595	0	0	1.63	1.9	1.25	-1	0	0	-10.16	352.15	
201	72815.95	44.021	1.75	4.8	182.01	-23.828	2.484	0	0	1.59	4.22	1.2	-1	0	0	-22.19	214.35	
202	72909.20	13.87	1.9	0.45	13.53	-23.367	-0.793	0	0	1.21	0.28	0.2	-1	0	0	-9.15	307.60	
203	73106.40	25.486	1.75	3.1	68.55	-24.748	-0.032	0	0	1.27	2.07	1	-1	0	0	-16.09	504.80	
204	73394.35	21.407	1.95	2.1	53.09	-25.073	-0.032	0	0	1.84	1.49	1.15	-1	0	0	-9.29	178.35	
205	74920.00	38.134	2	4.2	160.38	-23.042	-0.468	0	0	1.82	4.27	1.65	-1	0	0	-16.8	475.20	
206	75089.45	16.599	2.85	2.1	49.73	-25.637	3.539	0	0	2.68	0.93	0.8	-1	0	0	-4.95	30.25	
207	75512.95	32.73	1.9	3.65	112.6	-25.867	-0.563	0	0	1.7	3.1	1.55	-1	0	0	-15.42	453.75	
208	76588.65	13.957	1.9	2.9	41.84	-26.025	1.428	0	0	1.76	1.47	0.25	-1	0	0	-6.34	300.65	
209	76779.90	18.099	2.35	2.85	56.88	-24.097	-2.079	0	0	2.26	0.84	0.4	-1	0	0	-6.41	491.90	
210	78290.80	13.552	1.1	1.65	24.81	-26.74	3.031	0	0	1.05	1.74	0.5	-1	0	0	-10.33	159.60	
211	79050.85	27.541	1.7	3.05	87.11	-26.62	1.389	0	0	1.47	2.76	1.4	-1	0	0	-15.02	305.25	
212	79157.10	15.607	0.95	2.65	36.11	-25.597	2.214	0	0	0.82	1.94	0.65	-1	0	0	-15.21	411.50	
213	79242.85	22.621	3.55	1.5	68.27	-26.382	-0.833	0	0	3.27	2.87	2.75	-1	0	0	-5.54	497.25	
214	81771.90	17.797	1.35	1.4	27.85	-29.112	0.325	0	0	1.22	0.6	0.45	-1	0	0	-11.63	568.70	
215	81973.45	29.771	2.8	4	136.17	-30.802	0.841	0	0	2.64	6.19	2.3	-1	0	0	-9.02	155.85	
216	82220.05	75.101	2	4.25	308.98	-29.334	-1.055	0	0	1.46	4.03	1.6	-1	0	0	-41.23	402.45	
217	83142.35	22.407	2.25	2.5	67.53	-32.69	3.269	0	0	2.1	3.32	1.65	-1	0	0	-8.53	95.95	
218	84418.65	21.955	3.35	2.15	72.79	-34.214	2.388	0	0	3.22	2.4	1.75	-1	0	0	-5.45	143.45	
219	86425.60	78.116	1.15	4.2	281.62	-34.444	-2.864	0	0	0.95	3.97	0.9	-1	0	0	-65.52	307.20	
220	86141.75	13.838	1.65	2.5	37.26	-32.968	-1.468	0	0	1.46	1.48	0.7	-1	0	0	-7.59	23.35	
221	86826.85	67.444	4.65	4.6	346.93	-32.587	0.873	0	0	4.18	5.32	1.7	-1	0	0	-12.92	94.05	
222	87033.90	27.009	1.1	4.55	106.68	-31.294	0.04	0	0	0.94	3.48	0.95	-1	0	0	-23.01	301.10	
223	87886.60	16.163	3.9	0.2	35.7	-32.841	2.253	0	0	3.8	0.28	0.15	-1	0	0	-3.4	539.40	
224	87924.80	18.773	0.9	3	48.76	-33.167	3.388	0	0	0.77	0.6	0.35	-1	0	0	-19.46	577.60	
225	88943.00	31.976	1.5	3.65	111.91	-32.46	0.19	0	0	1.28	3.49	1.1	-1	0	0	-20.06	367.00	
226	89063.25	37.753	2	4.35	158.05	-33.159	0.786	0	0	1.68	4.56	1.2	-1	0	0	-17.94	487.25	
227	89649.70	16.21	3.2	3.55	54.35	-28.088	0.714	0	0	1.11	2.12	0.3	-1	0	0	-11.65	459.30	
228	90029.40	20.527	1	3.9	62.18	-30.762	0.357	0	0	0.89	1.88	0.2	-1	0	0	-18.35	224.60	
229	89897.55	16.702	4.6	0.75	45.86	-29.802	0.19	0	0	4.08	0.52	0.2	-1	0	0	-3.28	92.75	
230	90348.95	15.655	1.55	0.7	17.14	-32.365	1.666	0	0	1.38	0.24	0.15	-1	0	0	-9.05	544.15	
231	90827.25	22.241	2.55	1.4	61.35	-31.088	-1.587	0	0	2.36	3.22	2.05	-1	0	0	-7.53	408.05	
232	90938.80	17.535	2.85	0.15	22.79	-31.976	-4.999	0	0	2.74	0.23	0.15	-1	0	0	-5.13	519.60	
233	91030.55	21.574	3.2	2.9	80.1	-29.525	0.103	0	0	2.68	3.78	1.85	-1	0	0	-6.43	611.35	
234	91236.35	17.226	1.65	2.25	41.75	-30.35	1.833	0	0	1.3	1.98	0.55	-1	0	0	-10.63	202.75	
235	91339.50	15.488	1.3	2.25	37.22	-32.683	0.698	0	0	1.11	1.92	1.1	-1	0	0	-11.13	305.90	
236	91597.45	34.135	3.65	3.8	163.84	-32.651	1.547	0	0	3.5	4.13	2.75	-1	0	0	-7.79	563.85	
237	91971.00	29.921	4.5	5	159.81	-29.969	2	0	0	2.11	4.96	1.8	-1	0	0	-11.34	323.00	
238	91936.90	15.726	4.45	0.25	42.86	-31.413	1.619	0	0	4.35	0.27	0.15	-1	0	0	-2.89	288.90	
239	92084.10	14.06	1.55	0.2	12.59	-31.953	-1.389	0	0	1.46	0.35	0.25	-1	0	0	-7.69	436.10	
240	92097.85	13.56	1.15	0.55	12.26	-30.937	0.381	0	0	0.94	0.29	0.15	-1	0	0	-11.53	449.85	
241	92193.25	16.44	2.05	1.7	33.93	-30.873	3.031	0	0	1.62	0.53	0.2	-1	0	0	-8.11	545.25	
242	92418.05	30.739	3.5	8.35	236.7	-29.54	-0.214	0	0	3.21	9.65	1.4	-1	0	0	-7.67	155.65	
243	92452.60	11.346	0.95	1.75	17.77	-33.849	0.19	0	0	0.88	0.25	0.15	-1	0	0	-10.37	190.20	
244	93262.15	17.853	2	1.9	36.41	-36.697	-2.476	0	0	1.68	0.28	0.15	-1	0	0	-8.49	385.35	
245	93327.30	25.756	2.6	2.7	88.44	-32	3.983	0	0	2.19	2.57	1.75	-1	0	0	-9.4	450.50	
246	93524.60	23.804	2.2	4	89.93	-33.032	0.222	0	0	1.83	2.93	1.2	-1	0	0	-10.41	33.40	
247	93551.85	16.837	2	1.75	41.54	-32.865	0.317	0	0	1.86	1.64	0.2	-1	0	0	-7.24	60.65	
248	93776.10	23.336	1.45	2.9	59.62	-34.444	4.451	0	0	1.38	2.32	0.15	-1	0	0	-13.54	284.90	
249	93913.65	16.163	2.9	2.4	52.16	-33.087	2.999	0	0	2.38	1.71	1.65	-1	0	0	-5.43	422.45	
250	93955.75	27.858	2.3	2.4	86.89	-36.904	-2.285	0	0	2.17	3.24	1.85	-1	0	0	-10.26	464.55	
251	94028.85	89.684	1.65	5.55	403.57	-30.278	2.333	0	0	0.69	4.28	0.9	-1	0	0	-104.36	537.65	
252	94253.00	18.781	2.9	2.05	60.06	-32.389	1.73	0	0	2.8	2.47	2.35	-1	0	0	-5.37	147.40	
253	94434.15	22.867	2.25	2.8	70.89	-32.341	2.198	0	0	2.15	3.97	1.75	-1	0	0	-8.52	328.55	
254	94437.80	22.701	0.8	3	54	-37.181	2.198	0	0	0.69	2.18	0.2	-1	0	0	-26.18	332.20	
255	94441.50	12.703	0.65	1.6	19.18	-43.093	2.198	0	0	0.59	1.12	0.15	-1	0	0	-17.1	335.90	
256	94455.60	35.523	1.2	4.05	118.74	-34.135	-0.127	0	0	1.05	2.97	0.8	-1	0	0	-27.15	350.00	
257	94489.95	39.078	3.65	4.9	223.81	-33.96	2.428	0	0	3.09	5.52	2.65	-1	0	0	-10.12	384.35	
258	94536.70	36.134	1.15	3.65	106.59	-32.381	0.524	0	0	0.92	3.35	0.85	-1	0	0	-31.49	431.10	
259	94682.30	39.824	1.4	3.95	150.06	-31.008	0.214	0	0	0.96	4.34	1.15	-1	0	0	-33.3	576.70	
260	95039.45	14.211	3.05	1.15	32.41	-35.222	0.436	0	0	2.99	0.93	0.15	-1	0	0	-3.8	319.45	
261	95170.90	20.471	1.75	1.25	39.89	-33.23	-2.777	0	0	1.6	2.35	1.2	-1	0	0	-10.21	450.90	
262	95745.25	20.812	3.6	1.7	59.62	-31.81	-0.254	0	0	3.5	0.28	0.2	-1	0	0	-4.75	410.85	
263	95770.95	14.163	1.6	0.35	15.89	-33.262	4.42	0	0	1.47	1.17	1.05	-1	0	0	-7.69	436.55	
264	96504.15	31.572	3.75	4	142.18	-31.397	-1.246	0	0	2.81	4.57	1.65	-1	0	0	-8.98	555.35	
265	96520.70	28.906	1.05	4.2	107.98	-36.364	-0.905	0	0	0.9	3.82	0.8	-1	0	0	-25.84	571.90	
266	96585.60	19.17	1.3	2.7	49.12	-33.873	1.754	0	0	0.93	2.43	0.8	-1	0	0	-16.43	22.40	
267	96700.50	13.901	1.85	0.4	15.59	-32.302	1.024	0	0	1.76	0.69	0.35	-1	0	0	-6.31	137.30	
268	96765.10	16.306	3	0.4	33.35	-33.182	-2.428	0	0	2.85	0.54	0.2	-1	0	0	-4.58	201.90	
269	96819.10	15.933	2.5	1.3	31.98	-33.19	-2.817	0	0	2.05	0.22	0.15	-1	0	0	-6.2	255.90	
270	96918.05	16.575	2	0.9	30.43	-33.412	-0.048	0	0	1.92	0.75	0.15	-1	0	0	-6.9	354.85	
271	97852.30	14.965	2.55	0.5	24.18	-31.976	-1.246	0	0	2.47	0.24	0.1	-1	0	0	-4.85	60.30	
272	97971.80	36.531	3.05	8.9	295.72	-34.142	0.389	0	0	2.34	7.94	1.4	-1	0	0	-12.5	179.80	
273	99830.85	16.702	1.1	1.4	21.32	-37.094	1.508	0	0	0.94	0.53	0.15	-1	0	0	-14.27	195.65	
274	100761.90	31.588	1.9	2.85	102.78	-35.317	0.555	0	0	1.56	2.88	1.45	-1	0	0	-16.19	512.30	
275	101243.50	16.996	1.8	2.9	56.38	-33.159	3.071	0	0	1.63	3.8	1.05	-1	0	0	-8.37	379.45	
276	101268.20	21.328	1.8	1.8	47.6	-32.405	-1.127	0	0	1.18	2.66	1	-1	0	0	-14.5	404.20	
277	101598.00	20.781	3.15	1.15	52.9	-33.278	3.388	0	0	2.52	1.03	0.9	-1	0	0	-6.58	119.65	
278	101817.30	22.82	2.2	2.9	81.83	-37.126	-2.166	0	0	1.78	3.53	1.35	-1	0	0	-10.26	338.85	
279	101928.50	14.56	1.05	0.9	17.61	-34.428	-1.865	0	0	0.93	1	0.2	-1	0	0	-12.47	450.10	
280	102061.00	20.519	2.6	2.4	69.28	-34.023	2.325	0	0	1.98	2.77	2	-1	0	0	-8.29	582.60	
281	102376.40	24.034	2.1	3.2	85.81	-32.294	0.778	0	0	1.98	4.22	1.55	-1	0	0	-9.7	283.55	
282	102707.10	15.718	1.4	1.5	28.45	-36.134	3.658	0	0	1.28	1.6	0.85	-1	0	0	-9.79	345.50	
283	102842.70	18.916	2.25	2.9	65.58	-32.667	-3.912	0	0	2.09	3.25	1.9	-1	0	0	-7.23	481.10	
284	103331.70	13.354	2.2	4	46.81	-34.865	-0.405	0	0	1.86	1	0.65	-1	0	0	-5.74	355.70	
285	103590.00	13.584	1.85	0.15	16.52	-34.087	-3.793	0	0	1.76	0.6	0.5	-1	0	0	-6.17	268.45	
286	104011.00	84.178	2.05	4.15	345.32	-35.436	-1.333	0	0	1.31	4.73	1.6	-1	0	0	-51.35	75.05	
287	104030.90	17.028	1.7	1.95	38.7	-34.611	0.421	0	0	1.37	2.44	1.1	-1	0	0	-9.95	94.90	
288	104115.00	35.698	1.45	4.45	138.5	-34.269	1.547	0	0	1.28	4.28	0.9	-1	0	0	-22.27	179.05	
289	104127.00	23.597	1.65	1.95	45.21	-35.317	1.547	0	0	0.89	0.72	0.4	-1	0	0	-21.25	191.05	
290	104728.40	23.01	1.15	4.15	76.06	-32.762	1.19	0	0	1.03	3.51	0.65	-1	0	0	-17.83	178.00	
291	105363.10	19.416	1.55	2.7	47.86	-34.436	-1.158	0	0	1.4	0.27	0.15	-1	0	0	-11.07	198.30	
292	105548.90	14.433	2.25	0.4	20.8	-34.063	1.619	0	0	1.81	0.62	0.5	-1	0	0	-6.39	384.05	
293	105649.40	24.748	3.75	3	113.61	-33.881	-3.094	0	0	3.42	5.42	3	-1	0	0	-5.79	484.55	
294	105742.30	16.837	1.9	1.6	32.36	-33.777	1.5	0	0	1.54	1.13	0.4	-1	0	0	-8.76	577.50	
295	106384.60	22.598	1.9	3.45	78.44	-32.921	1.277	0	0	1.46	3.62	1.05	-1	0	0	-12.4	605.45	
296	106058.60	13.171	1.2	1.85	23.11	-34.507	3.666	0	0	1.13	1.4	0.15	-1	0	0	-9.34	279.40	
297	107246.70	14.711	0.7	1.45	17.59	-35.285	3.467	0	0	0.59	0.74	0.4	-1	0	0	-19.99	238.70	
298	107350.90	10.688	1.9	0.75	18.87	-35.007	-5.364	0	0	1.85	1.24	0.6	-1	0	0	-4.61	342.85	
299	108476.90	21.423	2.45	2.5	66.21	-33.309	3.475	0	0	2.32	2.18	1.75	-1	0	0	-7.4	240.05	
300	108614.40	14.028	1.25	1.1	18	-34.444	2.595	0	0	1.02	0.57	0.5	-1	0	0	-10.99	377.55	
301	108877.60	18.138	1.75	4.25	64.16	-34.008	2.952	0	0	1.36	0.84	0.7	-1	0	0	-10.67	26.45	
302	108937.00	22.677	2.15	3.35	70.02	-36.253	-2.817	0	0	1.99	2.86	1.1	-1	0	0	-9.09	85.85	
303	109198.40	17.543	1.8	1.65	37.97	-36.388	-3.658	0	0	1.47	1.76	0.2	-1	0	0	-9.58	347.15	
304	109568.30	46.639	3.45	4.2	235.78	-35.817	-4.182	0	0	3.26	5.19	2.7	-1	0	0	-11.45	102.65	
305	109831.80	18.67	1.95	1.5	35.38	-34.88	-0.024	0	0	1.84	0.26	0.15	-1	0	0	-8.1	366.15	
306	109908.50	21.772	2.05	3.45	77.81	-34.333	2.277	0	0	1.92	3.87	1.7	-1	0	0	-9.08	442.95	
307	111872.20	13.179	1.7	1.3	25.04	-35.126	0.309	0	0	1.28	1.68	0.45	-1	0	0	-8.25	563.40	
308	112048.10	39.839	4.25	4.1	178.77	-34.896	-1.73	0	0	3.91	4.81	1.15	-1	0	0	-8.16	124.90	
309	112305.60	24.502	3.2	4.75	117.53	-35.166	0.405	0	0	3.05	2.91	1.95	-1	0	0	-6.43	382.45	
310	112416.20	26.152	2.2	2.8	83.27	-36.896	-0.214	0	0	1.96	2.9	1.75	-1	0	0	-10.68	493.00	
311	112468.50	18.464	0.85	3.55	51.15	-36.896	-0.547	0	0	0.75	2.4	0.2	-1	0	0	-19.6	545.35	
312	112647.30	20.067	2.95	1.8	54.99	-34.539	-2.563	0	0	2.87	0.33	0.15	-1	0	0	-5.6	109.70	
313	112726.40	15.623	2.3	1.85	39.65	-35.031	-0.92	0	0	2.16	1.11	1	-1	0	0	-5.8	188.80	
314	112849.60	31.334	1.25	3.6	103.1	-34.452	2.039	0	0	1.11	3.95	0.95	-1	0	0	-22.51	312.00	
315	112926.10	15.52	3.65	0.15	35.16	-35.015	1.262	0	0	3.54	0.23	0.15	-1	0	0	-3.51	388.50	
316	113598.70	19.932	2.35	2.3	58.92	-33.976	-0.984	0	0	2.23	1.57	0.15	-1	0	0	-7.14	446.70	
317	113658.10	15.98	1.85	1.55	33.39	-36.602	-4.174	0	0	1.71	2.03	1.3	-1	0	0	-7.47	506.10	
318	114147.00	14.782	1.9	1.2	25.68	-37.991	-0.635	0	0	1.54	1.23	1.15	-1	0	0	-7.67	380.55	
319	114302.10	35.38	1.1	4.15	111.95	-35.634	1.182	0	0	0.48	2.72	0.4	-1	0	0	-59.57	535.70	
320	114598.60	15.671	1.9	2.35	40.77	-36.134	-1.071	0	0	1.73	0.51	0.4	-1	0	0	-7.23	217.85	
321	114786.10	20.844	2.45	3.15	68.84	-36.364	4.467	0	0	2.04	2.34	1.55	-1	0	0	-8.16	405.30	
322	114805.40	41.077	1.8	3.45	145.15	-38.657	1.539	0	0	1.29	4.22	1.35	-1	0	0	-25.48	424.60	
323	115277.80	16.774	2.65	0.2	26.98	-38.8	0.722	0	0	2.58	0.26	0.15	-1	0	0	-5.2	282.60	
324	115448.40	22.026	1.45	3.05	58.41	-35.793	-3.214	0	0	1.1	2.25	0.4	-1	0	0	-16.03	453.20	
325	115472.40	23.304	1.5	2.7	56.17	-36.491	0.167	0	0	1.18	0.27	0.15	-1	0	0	-15.83	477.20	
326	116170.10	14.615	2.05	0.55	21.21	-36.229	0.754	0	0	1.92	0.54	0.15	-1	0	0	-6.1	560.55	
327	116218.90	21.154	0.95	3.45	63.55	-36.428	-3.936	0	0	0.78	3.35	0.5	-1	0	0	-21.57	609.25	
328	116245.90	23.169	1.3	3.75	68.36	-37.8	1.277	0	0	0.99	2.89	0.2	-1	0	0	-18.71	21.85	
329	116274.90	25.446	1.15	2.75	61.34	-36.412	-1.849	0	0	0.96	1.85	0.65	-1	0	0	-21.15	50.85	
330	116306.00	19.011	1.55	3.7	62.2	-36.166	-4.063	0	0	1.2	3.18	0.65	-1	0	0	-12.65	82.00	
331	116393.90	23.169	1.7	2.4	65.82	-37.166	1.492	0	0	1.53	3.25	1.15	-1	0	0	-12.15	169.90	
332	116554.80	18.781	2.1	1.45	42.07	-39.459	-2.396	0	0	1.97	1.5	0.15	-1	0	0	-7.62	330.75	
333	116571.20	20.201	3.9	2.05	64.29	-34.825	-2.396	0	0	2.71	2.33	1.8	-1	0	0	-5.97	347.20	
334	116960.50	13.417	2.7	0.85	29.29	-38.657	-2.777	0	0	2.59	0.64	0.15	-1	0	0	-4.14	122.15	
335	117085.20	19.122	2.15	3.05	60.64	-40.355	-3.38	0	0	1.84	3.1	1.35	-1	0	0	-8.29	246.80	
336	117258.80	16.02	1.65	1.7	33.72	-40.665	-2.182	0	0	1.54	2.14	1.1	-1	0	0	-8.34	420.35	
337	117617.00	14.433	3.25	0.95	36.92	-38.022	-0.587	0	0	2.93	0.33	0.2	-1	0	0	-3.93	164.15	
338	117570.00	10.347	2.3	0.15	13.59	-40.101	2.682	0	0	2.24	0.18	0.1	-1	0	0	-3.69	117.25	
339	117874.00	16.234	1.9	1.7	36.26	-37.412	-2.563	0	0	1.37	2.23	0.85	-1	0	0	-9.48	421.15	
340	117932.00	22.828	1.6	4.4	86.17	-37.356	2.277	0	0	1.04	3.05	0.4	-1	0	0	-17.6	479.20	
341	117960.40	20.63	2.7	1.6	58.84	-36.324	-1.92	0	0	2.27	2.55	2	-1	0	0	-7.27	507.60	
342	118134.90	20.979	2.15	2.3	61.37	-38.721	1.158	0	0	2.07	2.82	1.25	-1	0	0	-8.11	67.65	
343	118216.80	25.454	3.4	2.4	84.63	-37.269	-0.048	0	0	2.36	2.3	2.15	-1	0	0	-8.64	149.60	
344	118433.10	43.41	2.9	3.95	179.79	-39.57	2.698	0	0	2.69	4.95	1.15	-1	0	0	-12.91	365.95	
345	118573.90	13.759	2	1.3	28.76	-36.983	0.563	0	0	1.9	1.93	1.2	-1	0	0	-5.78	506.70	
346	118640.10	15.298	2.25	1.7	40.02	-40.681	-4.713	0	0	2.16	2.03	1.95	-1	0	0	-5.66	572.95	
347	118663.50	19.043	1.5	8.6	134.03	-37.237	-0.421	0	0	1.35	2.72	0.9	-1	0	0	-11.27	596.35	
348	118669.60	24.431	0.7	2.2	44.56	-38.451	-0.421	0	0	0.4	1.32	0.35	-1	0	0	-48.58	602.40	
349	118681.80	17.115	2.4	2.9	54.76	-40.958	1.23	0	0	2.3	1.95	0.2	-1	0	0	-5.96	25.80	
350	118784.30	12.418	1.95	1	24.8	-38.681	-0.833	0	0	1.87	2	1.65	-1	0	0	-5.32	128.30	
351	118812.90	23.193	3	3.8	89.19	-39.538	-3.333	0	0	2.69	2.84	1.05	-1	0	0	-6.9	156.90	
352	118964.00	11.703	2.45	0.2	20.19	-40.633	1.174	0	0	2.36	1.27	1.15	-1	0	0	-3.96	308.00	
353	118988.40	18.622	1.5	2.4	40.82	-40.062	1.595	0	0	1.35	1.24	0.45	-1	0	0	-11.05	332.35	
354	119080.00	14.75	2.3	0.4	25.15	-40.681	7.228	0	0	2.24	0.4	0.15	-1	0	0	-5.27	423.95	
355	119168.70	19.821	2.85	2.55	62.53	-40.443	-1.571	0	0	2.71	2.76	1	-1	0	0	-5.84	512.70	
356	119189.10	14.957	3.25	1.85	49.12	-41.038	1.031	0	0	3.1	0.75	0.65	-1	0	0	-3.85	533.15	
357	119325.70	13.83	3.1	0.8	34.81	-39.26	-0.508	0	0	2.67	0.94	0.75	-1	0	0	-4.15	55.30	
358	119338.30	23.661	2.65	2.25	52.71	-39.832	-0.127	0	0	0.93	1.4	0.65	-1	0	0	-20.46	67.85	
359	119401.70	15.909	1.1	1.5	24.38	-39.514	-2.563	0	0	0.94	0.82	0.2	-1	0	0	-13.61	131.30	
360	119436.40	24.907	1.85	3.25	74.85	-45.045	-0.984	0	0	1.7	3.55	1.45	-1	0	0	-11.72	166.00	
361	119590.50	16.528	1.85	0.2	18.47	-48.068	4.991	0	0	1.67	0.39	0.25	-1	0	0	-7.9	320.15	
362	119666.30	16.266	1.25	5.5	92.43	-39.022	1.46	0	0	1.16	1.13	1	-1	0	0	-11.22	395.85	
363	119803.50	16.107	4.65	1.05	51.46	-41.776	3.063	0	0	4.54	2.42	1.45	-1	0	0	-2.84	533.05	
364	119853.10	17.829	1.75	3.15	47.96	-38.229	4.539	0	0	1.6	1.12	1	-1	0	0	-8.91	582.70	
365	119898.60	20.122	0.65	2.7	40.23	-46.758	0.659	0	0	0.57	1.39	0.55	-1	0	0	-28.17	13.80	
366	119966.00	21.154	2.15	2.85	71.6	-40.53	-1.579	0	0	2.02	3.56	1.75	-1	0	0	-8.38	81.25	
367	119983.80	17.361	2.95	0.35	37.57	-42.109	-1.166	0	0	2.87	0.68	0.4	-1	0	0	-4.84	98.95	
368	120018.00	15.306	1.45	3.15	46.07	-38.816	3.753	0	0	1.06	3.13	0.65	-1	0	0	-11.53	133.25	
369	120060.00	17.551	3.05	2.4	58.21	-41.03	-1.396	0	0	2.94	2.2	2.05	-1	0	0	-4.77	175.20	
370	120104.00	16.837	0.95	2.75	37.13	-39.633	0.928	0	0	0.86	1.51	0.2	-1	0	0	-15.65	219.25	
371	120145.60	14.02	2.1	1	24.52	-39.53	-2.817	0	0	1.85	0.26	0.15	-1	0	0	-6.08	260.80	
372	120160.10	17.805	1.7	3.05	49.58	-41.331	-0.024	0	0	1.57	0.79	0.65	-1	0	0	-9.1	275.35	
373	120192.60	20.265	1.75	3.2	55.94	-37.158	-0.079	0	0	1	1.12	0.5	-1	0	0	-16.17	307.85	
374	120214.00	37.205	1.15	3.8	117.54	-41.236	5.118	0	0	0.98	3.87	0.75	-1	0	0	-30.42	329.20	
375	120289.70	22.145	3.55	1.25	54.35	-38.094	1.333	0	0	2.92	2.57	1.7	-1	0	0	-6.06	404.90	
376	120327.90	34.833	2.55	3.9	148.43	-39.808	-4.197	0	0	2.42	3.89	2.2	-1	0	0	-11.5	443.10	
377	120475.00	18.337	1.2	2.55	44.99	-40.609	1	0	0	1.08	1.18	0.35	-1	0	0	-13.6	590.25	
378	120520.60	21.074	1.95	2.9	73.54	-38.943	0.801	0	0	1.81	3.9	1.35	-1	0	0	-9.32	21.45	
379	120541.00	16.068	2.85	1.65	43.59	-43.815	-0.167	0	0	2.73	2.75	1.45	-1	0	0	-4.7	41.85	
380	120594.70	23.232	1.65	2.2	57.65	-43.085	-0.048	0	0	1.42	2.92	1	-1	0	0	-13.11	95.50	
381	120638.40	14.131	2.6	0.75	33.48	-38.419	3.055	0	0	2.46	2.73	2.1	-1	0	0	-4.59	139.20	
382	120659.60	22.28	1.4	2.6	53.08	-38.84	1.714	0	0	1.27	1.98	0.8	-1	0	0	-14.07	160.40	
383	120853.10	19.511	1.55	2.55	45.86	-40.49	-2.658	0	0	1.28	0.98	0.6	-1	0	0	-12.23	353.95	
384	120870.80	12.91	2.1	0.85	26.15	-41.45	-0.619	0	0	2.04	1.95	1.85	-1	0	0	-5.07	371.60	
385	120968.80	23.542	1.25	3.45	68.32	-43.712	5.713	0	0	0.99	2.75	0.65	-1	0	0	-19.02	469.60	
386	120959.00	15.044	1.6	0.95	23.32	-41.712	-0.817	0	0	1.3	1.44	1.05	-1	0	0	-9.27	459.85	
387	121034.80	12.108	1.75	1.05	23.03	-44.751	1.246	0	0	1.62	2.08	1.15	-1	0	0	-5.99	535.55	
388	121110.00	20.352	0.95	3.45	52.97	-41.347	1.658	0	0	0.85	0.55	0.4	-1	0	0	-19.17	610.75	
389	121282.60	17.377	3.85	0.9	36.32	-47.052	4.031	0	0	1.37	1.46	0.65	-1	0	0	-10.15	169.05	
390	121424.80	18.059	2.9	1.75	47.67	-42.363	3.483	0	0	2.45	0.49	0.2	-1	0	0	-5.9	311.20	
391	121431.00	17.353	1.9	1.45	35.6	-41.625	3.483	0	0	1.52	2.51	1.15	-1	0	0	-9.15	317.45	
392	121476.60	19.297	3.3	1.75	50.75	-46.052	-1.627	0	0	3.17	2.63	1	-1	0	0	-4.87	363.05	
393	121499.50	19.352	1.5	3.6	61.21	-39.53	0.286	0	0	1.19	1.61	0.2	-1	0	0	-12.99	385.90	
394	121540.40	16.282	1.8	0.85	28.94	-38.943	-0.198	0	0	1.69	1.59	0.8	-1	0	0	-7.69	426.80	
395	121567.30	39.284	2.95	6.4	244.86	-40.228	1.539	0	0	2.33	6.4	1.85	-1	0	0	-13.51	453.70	
396	121661.30	15.718	2.5	1	33.75	-39.451	-1.389	0	0	2.39	0.26	0.15	-1	0	0	-5.27	547.65	
397	121800.40	20.297	1.95	4.55	81.7	-40.546	-0.04	0	0	1.36	3.68	0.95	-1	0	0	-11.9	72.40	
398	121821.10	12.616	1.8	0.6	17.09	-42.664	0.912	0	0	1.63	0.39	0.2	-1	0	0	-6.2	93.10	
399	121986.00	16.258	1.55	2.45	39.42	-40.53	3.563	0	0	1.2	1	0.85	-1	0	0	-10.81	257.95	
400	122017.80	17.393	1.75	3.9	53.97	-38.967	-0.698	0	0	1.6	0.62	0.2	-1	0	0	-8.68	289.80	
401	122246.90	15.901	1.6	2.15	36.59	-40.355	-0.127	0	0	1.47	0.77	0.7	-1	0	0	-8.63	518.90	
402	122284.20	29.263	2.7	5.35	151.48	-40.379	-0.508	0	0	1.76	5.58	1.5	-1	0	0	-13.3	556.20	
403	122349.90	20.344	1.65	4.15	71.16	-39.594	-2.531	0	0	1.14	2.92	0.6	-1	0	0	-14.22	7.50	
404	122664.50	31.81	2.25	1.75	85.55	-40.538	-2.674	0	0	1.85	3.32	1.7	-1	0	0	-13.75	322.15	
405	122885.60	18.503	2.25	4.8	82	-37.864	2.809	0	0	2.13	2.84	0.6	-1	0	0	-6.94	543.25	
406	123362.80	17.662	2.2	0.35	25.23	-40.331	-3.705	0	0	2.05	0.45	0.35	-1	0	0	-6.9	406.00	
407	123333.40	14.838	1.25	0.7	15.07	-41.172	0.349	0	0	1.16	0.29	0.15	-1	0	0	-10.23	376.60	
408	123520.70	20.178	2.95	1.65	48.3	-39.871	-3.007	0	0	2.01	0.76	0.4	-1	0	0	-8.04	563.90	
409	123719.60	46.83	3.85	4.3	261.41	-39.189	2.349	0	0	2.61	6.45	3.05	-1	0	0	-14.36	148.40	
410	123673.10	14.417	1.75	1.55	26.34	-41.418	2.206	0	0	1.23	0.76	0.6	-1	0	0	-9.39	101.90	
411	123800.20	13.401	2.6	2	32.82	-47.131	-1.365	0	0	2.27	1.1	1	-1	0	0	-4.72	229.00	
412	123792.50	18.686	1.65	2.55	43.02	-39.459	-0.365	0	0	1.52	1.05	0.45	-1	0	0	-9.83	221.35	
413	124280.90	33.127	1.4	3.65	102.31	-40.768	0.786	0	0	1.15	3.05	0.85	-1	0	0	-22.95	95.25	
414	124342.00	21.336	2	2.5	59.38	-42.244	4.118	0	0	1.85	2.7	0.95	-1	0	0	-9.25	156.45	
415	124643.50	17.139	3.45	1.15	53.66	-40.784	-2.206	0	0	3.34	0.91	0.4	-1	0	0	-4.1	457.95	
416	124708.50	18.48	1.05	3.4	49.09	-42.061	-0.976	0	0	0.93	2.43	0.45	-1	0	0	-15.84	522.90	
417	124818.10	18.559	2.35	1.85	46.23	-40.99	-1.936	0	0	2.18	0.72	0.2	-1	0	0	-6.8	18.10	
418	125037.80	30.143	2.7	5.1	156.63	-40.792	-1.103	0	0	2.23	5.42	1.75	-1	0	0	-10.81	237.75	
419	125354.40	25.557	1.8	2.2	63.44	-38.53	-1.341	0	0	1.42	2.42	1.25	-1	0	0	-14.38	554.40	
420	125427.90	23.796	1.7	3.35	69.91	-40.847	0.436	0	0	1.58	2.67	0.85	-1	0	0	-12.07	13.45	
421	125722.20	31.453	4	4	162.18	-39.649	-1.492	0	0	3.84	5.57	3.15	-1	0	0	-6.56	307.80	
422	125932.20	17.877	2.55	2.3	49.91	-40.8	1.119	0	0	2.19	1.43	1.1	-1	0	0	-6.54	517.80	
423	127009.60	41.252	3.15	3.4	183.11	-40.95	0.714	0	0	2.9	5.03	2.5	-1	0	0	-11.37	366.45	
424	127087.30	23.78	2.85	1	54.05	-42.014	2.261	0	0	2.74	0.29	0.15	-1	0	0	-6.96	444.10	
425	127774.50	20.074	2.9	2.05	64.66	-40.871	-1.357	0	0	2.77	0.44	0.2	-1	0	0	-5.79	516.90	
426	127961.40	13.092	0.5	2.3	22.4	-43.41	-1.587	0	0	0.38	0.26	0.15	-1	0	0	-27.8	89.40	
427	127996.60	22.407	2	2	56.69	-43.172	-3.372	0	0	1.86	3.01	1.7	-1	0	0	-9.62	124.60	
428	128103.40	16.218	2.65	2.55	40.41	-42.101	2.277	0	0	1.87	1.11	0.4	-1	0	0	-6.94	231.40	
429	128307.60	16.147	2.25	1.55	37.28	-41.76	2.047	0	0	2.14	1.23	1.1	-1	0	0	-6.03	435.60	
430	128296.60	14.735	1.7	0.3	15.35	-41.712	-1.317	0	0	1.41	0.44	0.2	-1	0	0	-8.36	424.60	
431	128722.70	18.353	2.15	3.85	65.64	-40.538	-1.055	0	0	2.06	1.96	0.15	-1	0	0	-7.11	236.30	
432	129341.80	17.401	2.2	1.95	48.77	-41.371	-0.333	0	0	2.14	2.55	1.85	-1	0	0	-6.52	241.00	
433	129952.40	22.986	1.75	2.05	52.46	-43.093	-1.841	0	0	1.34	2.53	1	-1	0	0	-13.73	237.20	
434	130646.30	22.923	2.5	2.9	84.61	-41.783	-1.635	0	0	2.29	4.38	1.95	-1	0	0	-8.01	316.65	
435	130728.80	12.902	3.1	0.2	24.81	-43.6	1.944	0	0	2.85	0.83	0.7	-1	0	0	-3.62	399.15	
436	131117.60	23.351	2.85	2.4	69.84	-42.386	-2.126	0	0	2.68	2.06	1.9	-1	0	0	-6.97	173.60	
437	131100.30	17.662	1.95	0.2	24.31	-42.371	2.864	0	0	1.85	1.72	1.65	-1	0	0	-7.62	156.25	
438	131219.50	21.526	2.85	5.3	110.31	-41.863	-0.222	0	0	1.99	3.39	0.9	-1	0	0	-8.66	275.50	
439	131393.30	46.655	2.85	4.4	214.34	-41.895	-5.546	0	0	2.16	3.69	1.85	-1	0	0	-17.29	449.25	
440	131685.60	22.185	1.65	1.95	48.27	-44.013	0.46	0	0	1.53	1.12	0.95	-1	0	0	-11.61	127.20	
441	131708.50	16.298	0.5	4.1	52.11	-45.56	3.444	0	0	0.4	2.98	0.15	-1	0	0	-32.92	150.15	
442	131851.40	24.605	1.8	3.4	89.47	-44.703	-0.302	0	0	1.62	3	0.95	-1	0	0	-12.13	293.00	
443	132389.60	20.479	1.4	4.1	71.75	-42.886	0.357	0	0	1.11	3.48	0.85	-1	0	0	-14.77	216.80	
444	132441.30	20.313	1.95	3.9	75.46	-39.919	-0.627	0	0	1.81	2.81	1.2	-1	0	0	-8.99	268.50	
445	132828.60	16.734	2.45	1.95	44.2	-43.347	0.23	0	0	1.75	1.47	0.65	-1	0	0	-7.63	41.40	
446	133257.00	48.504	2.75	5	247.71	-41.791	-0.214	0	0	2.19	5.35	1.9	-1	0	0	-17.72	469.75	
447	134578.50	28.588	3.25	4.5	132.35	-40.927	-0.373	0	0	2.4	5.22	1.4	-1	0	0	-9.52	562.50	
448	135638.90	13.425	1.45	0.9	17.47	-44.005	3.896	0	0	1.26	0.46	0.25	-1	0	0	-8.54	394.10	
449	135670.30	23.264	1.15	2.55	56.15	-42.625	1.896	0	0	0.86	2.88	0.4	-1	0	0	-21.74	425.50	
450	135597.90	12.91	1.4	0.4	14.35	-41.093	0.333	0	0	1.3	0.59	0.25	-1	0	0	-7.97	353.10	
451	135612.30	13.29	3.05	0.65	29.1	-43.68	-2.166	0	0	2.96	0.46	0.35	-1	0	0	-3.59	367.50	
452	136026.50	17.972	1.3	4.8	70.87	-41.212	0.778	0	0	1.19	2.92	0.2	-1	0	0	-12.08	167.35	
453	136281.70	34.373	1.6	4.2	138	-39.847	-1.563	0	0	1.43	4.38	1.2	-1	0	0	-19.2	422.45	
454	136467.50	18.432	0.85	3.25	47.81	-43.402	-0.151	0	0	0.71	2.27	0.2	-1	0	0	-20.7	608.30	
455	136730.30	15.814	1.35	3	42.35	-40.665	3.991	0	0	1.2	1.26	0.75	-1	0	0	-10.54	256.75	
456	136676.50	13.163	2	0.2	15.56	-42.696	1.333	0	0	1.96	0.25	0.15	-1	0	0	-5.39	202.95	
457	137251.00	23.169	1.7	3.1	56.68	-40.443	-1.277	0	0	1.13	0.77	0.65	-1	0	0	-16.37	163.05	
458	137326.70	25.613	1.75	4.15	94.95	-43.593	-1.111	0	0	1.6	3.29	1.3	-1	0	0	-12.83	238.65	
459	137370.50	17.266	1.55	2.4	43.47	-40.927	-3.11	0	0	1.44	1.93	0.85	-1	0	0	-9.62	282.50	
460	138482.00	17.075	3.35	1.25	43.52	-38.197	-0.341	0	0	2.28	1.28	0.15	-1	0	0	-5.98	165.15	
461	138573.80	20.352	1.4	2.7	53	-43.481	-1.516	0	0	1.25	1.52	0.45	-1	0	0	-13.03	256.95	
462	139087.50	22.812	2.1	2.35	62.72	-41.91	0.944	0	0	1.77	2.56	1.4	-1	0	0	-10.29	156.25	
463	139878.70	18.186	2.45	1.5	40.3	-41.196	-4.959	0	0	2.03	1.49	1.05	-1	0	0	-7.16	333.10	
464	140109.10	24.605	0.9	2.2	47.97	-44.053	-1.095	0	0	0.72	2.04	0.35	-1	0	0	-27.36	563.50	
465	140545.30	27.573	0.8	2.15	49.49	-45.029	0.016	0	0	0.7	2.47	0.45	-1	0	0	-31.38	385.30	
466	140534.00	17.067	1.05	3.2	45.96	-42.053	3.999	0	0	0.98	2.24	0.6	-1	0	0	-13.98	374.00	
467	140711.60	20.773	2.1	3.95	79.83	-43.109	2.087	0	0	1.92	3.14	1.5	-1	0	0	-8.66	551.60	
468	140865.40	14.965	1.4	2	31.65	-40.871	-0.881	0	0	1.33	1.44	0.85	-1	0	0	-9.03	91.00	
469	141676.50	22.106	1.8	3.6	76.02	-41.466	-1.555	0	0	1.66	3.34	0.95	-1	0	0	-10.65	287.75	
470	142072.20	18.313	1	0.4	15.36	-41.498	-1.809	0	0	0.88	0.97	0.7	-1	0	0	-16.62	69.00	
471	142651.50	15.012	2.85	1.75	40.89	-44.894	0.079	0	0	2.7	1.67	0.95	-1	0	0	-4.44	33.85	
472	144626.90	24.494	2.55	1.95	76.92	-41.395	1.476	0	0	2.39	3.66	1.85	-1	0	0	-8.18	166.10	
473	145122.60	13.592	3	0.15	19.62	-41.403	-0.23	0	0	2.9	0.19	0.1	-1	0	0	-3.75	47.40	
474	145307.70	16.25	1.05	1.95	25.99	-55.367	-0.262	0	0	0.78	0.56	0.15	-1	0	0	-16.67	232.45	
475	145302.30	12.433	0.7	10.75	158.32	-43.886	-0.103	0	0	0.56	10.36	0.2	-1	0	0	-17.69	227.05	
476	145542.00	19.305	2.65	2.7	67.71	-41.601	-4.11	0	0	2.38	3.78	2	-1	0	0	-6.49	466.80	
477	146826.70	22.899	1.4	2.9	60.05	-43.434	0.5	0	0	1.05	2.74	0.65	-1	0	0	-17.38	522.70	
478	147617.20	19.955	2.4	3.7	77.04	-45.187	3.467	0	0	2.28	4.16	1.45	-1	0	0	-7	84.35	
479	147996.00	24.375	2.15	1.4	52.28	-41.077	-2.499	0	0	2.05	2.83	1.6	-1	0	0	-9.5	463.15	
480	148373.80	21.304	3.7	2.4	97.02	-40.72	-3.507	0	0	3.2	4.42	2.9	-1	0	0	-5.32	226.60	
481	148291.50	19.725	2	3.5	74.03	-40.244	-0.317	0	0	1.91	2.93	1.35	-1	0	0	-8.28	144.35	
482	148175.50	21.963	1.6	3.5	70.41	-40.895	-1.928	0	0	1.2	2.62	1	-1	0	0	-14.61	28.25	
483	149263.80	14.155	1.75	0.9	22.22	-41.053	0.603	0	0	1.68	0.26	0.15	-1	0	0	-6.75	502.25	
484	149449.00	41.91	2	5.2	201.54	-42.815	-1.492	0	0	1.82	5.49	1.6	-1	0	0	-18.43	73.00	
485	149682.20	19.281	4.1	3.3	75.93	-39.348	-4.824	0	0	4	1.3	0.95	-1	0	0	-3.86	306.15	
486	150154.00	18.829	1.7	1.7	45.15	-43.41	1.143	0	0	1.61	2.5	1.15	-1	0	0	-9.34	163.65	
487	150020.70	15.647	1.65	2.9	41.77	-42.767	1.079	0	0	1.45	0.76	0.6	-1	0	0	-8.63	30.30	
488	150419.20	19.86	1.35	3.8	67.22	-41.966	-2.729	0	0	1.23	3.11	0.45	-1	0	0	-12.88	428.75	
489	150442.50	30.445	3.35	4.7	165.53	-40.688	0.04	0	0	2.82	5.22	2.6	-1	0	0	-8.65	452.05	
490	150489.80	16.163	1.75	1.45	29.59	-41.649	0.198	0	0	1.63	0.31	0.2	-1	0	0	-7.93	499.35	
491	150601.30	21.661	1.5	3.1	62.45	-39.205	0.952	0	0	1.4	3.32	0.85	-1	0	0	-12.42	610.85	
492	150883.00	23.597	2.95	4.35	107.29	-38.38	-1.357	0	0	2.77	4.83	1.95	-1	0	0	-6.81	278.15	
493	151107.00	32.405	2.05	3.9	129.32	-42.997	-2.484	0	0	1.65	4.7	1.05	-1	0	0	-15.69	502.25	
494	151080.90	15.417	1.2	0.9	15.56	-39.776	-3.19	0	0	1.1	0.21	0.15	-1	0	0	-11.26	476.10	
495	151401.30	26.16	1.65	3.25	73.52	-43.545	0.936	0	0	1.31	3.09	1.25	-1	0	0	-15.94	182.10	
496	151784.00	17.488	1.95	2.4	51.76	-43.719	-2.206	0	0	1.81	2.48	1.4	-1	0	0	-7.72	564.85	
497	151880.60	14.846	0.85	1.3	16.4	-42.863	1.746	0	0	0.13	0.64	0.15	-1	0	0	-89.89	47.00	
498	152989.30	20.313	2.65	2.45	66.95	-40.022	2.039	0	0	2.55	4.07	2.05	-1	0	0	-6.37	541.30	
499	152993.90	8.403	0.55	1.65	11.93	-57.145	1.158	0	0	0.4	0.99	0.2	-1	0	0	-16.68	545.90	
500	146525.50	14.314	1.65	1.25	26.68	-41.53	5.07	0	0	1.59	1.07	0.15	-1	0	0	-7.18	67.95	
